0.98476726	0.015209458	2.3259428e-05
1.20737e-05	0.9999466	4.1315543e-05
1.2880905e-05	0.99996865	1.8524745e-05
1.6325865e-05	0.999969	1.468054e-05
0.99994814	3.6929727e-05	1.4919877e-05
0.99993455	4.086761e-05	2.4547391e-05
0.99995565	1.809818e-05	2.621388e-05
0.0058731977	0.0016592361	0.9924676
6.7108317e-06	1.1953714e-05	0.9999813
5.261253e-06	1.12806665e-05	0.99998343
2.6039994e-05	0.9999578	1.6260841e-05
8.174175e-06	7.750934e-06	0.999984
8.465343e-06	8.421434e-06	0.9999831
6.227028e-06	9.967858e-06	0.9999838
0.017067695	0.9828995	3.276155e-05
0.999474	0.000515355	1.0715403e-05
0.9998883	9.8893586e-05	1.2761382e-05
1.1836008e-05	0.9999666	2.1574539e-05
1.7445696e-05	0.9999633	1.9352032e-05
8.127101e-06	9.057706e-06	0.99998283
1.6594422e-05	0.99997234	1.1132406e-05
1.1542828e-05	0.999969	1.9399002e-05
6.851117e-06	9.26523e-06	0.9999839
6.682797e-06	8.855556e-06	0.9999845
5.4561892e-06	1.0691923e-05	0.9999839
7.969075e-06	8.725015e-06	0.9999833
0.99993753	5.0373215e-05	1.2006065e-05
1.6127791e-05	0.9999703	1.35393975e-05
7.100567e-06	8.910863e-06	0.999984
8.800199e-06	8.893054e-06	0.99998236
1.2149065e-05	0.9999666	2.1277729e-05
6.4505366e-06	1.252473e-05	0.99998105
1.1101929e-05	0.9999573	3.158603e-05
1.1547651e-05	0.9999491	3.9318275e-05
0.0008839947	0.79618996	0.20292602
9.151758e-06	8.078793e-06	0.9999827
0.49608812	0.49660096	0.0073109167
2.1348465e-05	0.99996495	1.3749667e-05
7.5216514e-05	6.4932487e-06	0.99991834
5.838141e-06	1.0665247e-05	0.99998355
1.315205e-05	0.9999702	1.6742906e-05
8.708975e-06	4.7572867e-05	0.99994373
6.607764e-06	8.720767e-06	0.9999846
7.0693335e-05	0.99213105	0.007798183
0.9999548	1.7244145e-05	2.7907807e-05
1.1813957e-05	0.9999701	1.8119095e-05
1.0619823e-05	0.9999621	2.7307733e-05
3.1894047e-05	7.2953786e-05	0.9998951
7.181015e-06	9.44829e-06	0.99998343
6.301241e-06	9.115348e-06	0.9999846
1.4307143e-05	0.9999715	1.4148149e-05
6.2238196e-06	9.440535e-06	0.9999844
5.49752e-06	1.15584535e-05	0.99998295
1.0094839e-05	0.9998994	9.0467605e-05
1.628177e-05	0.99995375	2.9881796e-05
1.2318159e-05	0.9999702	1.7520832e-05
2.7368706e-05	0.9999579	1.4673084e-05
5.846176e-06	1.0449114e-05	0.99998367
0.0016104897	0.9983041	8.538523e-05
7.4294508e-06	8.745679e-06	0.9999838
0.9793497	0.020616822	3.348481e-05
2.1673632e-05	0.9999542	2.4081844e-05
2.0934423e-05	0.9999627	1.633816e-05
1.2863354e-05	0.9999708	1.628489e-05
2.003036e-05	0.9999645	1.5527616e-05
2.1451247e-05	0.9999528	2.5769079e-05
2.5162371e-05	0.9999604	1.4428232e-05
1.9129346e-05	0.9999651	1.583675e-05
8.502468e-06	8.921921e-06	0.9999826
0.99982977	0.00015945906	1.0771213e-05
0.99995816	1.8212933e-05	2.3579158e-05
7.657992e-06	8.959685e-06	0.99998343
6.7621377e-06	1.0910878e-05	0.99998236
6.2058693e-06	1.29145565e-05	0.9999809
7.340162e-06	1.2096113e-05	0.99998057
9.780542e-06	9.675856e-06	0.99998057
1.3668978e-05	0.99996805	1.8291463e-05
0.996768	0.0031420155	8.999724e-05
9.247348e-06	0.9999366	5.4163927e-05
6.3031466e-06	1.0902624e-05	0.99998283
8.1701555e-06	8.541794e-06	0.9999833
2.8546587e-05	0.99995315	1.830302e-05
5.314175e-05	0.9999006	4.626684e-05
0.0028581866	0.99710304	3.8739032e-05
1.05141635e-05	0.99996316	2.6289912e-05
6.359123e-06	8.934866e-06	0.99998474
9.797504e-06	0.99982893	0.00016126258
4.9538476e-06	1.4676184e-05	0.99998033
0.9999577	1.6208445e-05	2.6066651e-05
5.6920353e-06	1.2321654e-05	0.999982
3.4766075e-05	0.9999496	1.5557236e-05
9.173422e-06	8.800414e-06	0.999982
0.5765425	0.42328843	0.00016907815
6.304153e-06	1.1449941e-05	0.99998224
6.592801e-05	0.9998934	4.06228e-05
6.5482154e-06	1.1159804e-05	0.99998224
0.9999112	7.448957e-05	1.43215275e-05
1.40558905e-05	0.9999639	2.2008877e-05
6.987614e-06	8.396427e-06	0.9999846
1.7653987e-05	0.9999672	1.5173414e-05
0.99991345	4.8994796e-05	3.7560385e-05
5.870069e-06	9.73761e-06	0.9999844
1.275891e-05	0.99995303	3.4190885e-05
6.431495e-05	0.72808367	0.271852
6.3407206e-06	9.7620405e-06	0.9999839
0.9999566	1.9209145e-05	2.4247876e-05
0.9999567	2.8294893e-05	1.5034385e-05
0.9999548	2.4354067e-05	2.0810607e-05
9.187758e-06	0.99993575	5.512477e-05
0.00011619805	0.9996706	0.00021324086
1.2275058e-05	0.9999393	4.8420625e-05
0.9999318	1.8405919e-05	4.9880877e-05
0.9972899	3.391771e-05	0.0026762888
1.2478462e-05	0.999966	2.1476935e-05
7.012898e-06	9.872537e-06	0.9999831
1.4052094e-05	0.9999722	1.3663846e-05
0.9999546	2.2963271e-05	2.246301e-05
9.181558e-05	0.99989426	1.395803e-05
9.16115e-06	8.500951e-06	0.99998236
1.3417476e-05	0.99997103	1.5475516e-05
1.2801557e-05	0.9999635	2.3711358e-05
8.061524e-06	8.222922e-06	0.99998367
1.2654943e-05	0.99997354	1.3826353e-05
4.8627062e-05	0.99993837	1.298337e-05
1.517839e-05	0.99996614	1.8734858e-05
1.4211892e-05	0.9999646	2.1218008e-05
7.739795e-06	9.151552e-06	0.9999831
1.6029584e-05	0.9999678	1.6191521e-05
8.036734e-06	9.64696e-06	0.99998236
9.9951185e-06	0.99995494	3.505468e-05
1.7433309e-05	0.99996626	1.6335258e-05
5.09329e-06	1.2784372e-05	0.9999821
1.2105076e-05	6.181858e-05	0.9999261
1.9515388e-05	0.99975175	0.00022868288
1.0780064e-05	0.99986637	0.00012284968
1.17723e-05	0.99996555	2.2655271e-05
2.1572843e-05	0.98675287	0.01322568
5.060429e-06	1.3916387e-05	0.99998105
6.394679e-06	1.0204275e-05	0.99998343
1.4583919e-05	0.99994516	4.025536e-05
1.2907477e-05	0.9999628	2.4311958e-05
0.9740035	0.025972927	2.3562747e-05
0.99973863	0.000246231	1.51386275e-05
0.9433865	0.05625322	0.00036019442
9.043507e-06	9.140585e-06	0.99998176
4.5983843e-06	1.5402667e-05	0.99998
2.4081923e-05	0.057122286	0.94285357
0.0069662384	0.99301755	1.6221049e-05
7.720955e-06	9.784022e-06	0.9999825
2.2127704e-05	0.99994016	3.7702717e-05
1.051077e-05	0.9997472	0.00024231647
8.177903e-06	8.775935e-06	0.9999831
0.9999155	7.184695e-05	1.2633456e-05
5.845544e-06	1.1747982e-05	0.99998236
6.6885027e-06	9.938325e-06	0.99998343
6.282815e-06	9.7308475e-06	0.999984
0.99974984	2.238334e-05	0.00022778024
6.2944932e-06	1.0433995e-05	0.9999833
1.2680692e-05	0.99996626	2.1076848e-05
9.447366e-06	8.653382e-06	0.9999819
1.5685628e-05	0.99993837	4.594619e-05
7.638543e-06	2.175618e-05	0.99997056
0.9998572	2.5792679e-05	0.00011702408
5.7808056e-06	1.0408577e-05	0.9999838
5.6142017e-06	1.0828821e-05	0.99998355
0.99994206	4.5707475e-05	1.2302622e-05
1.0199464e-05	0.999962	2.7731945e-05
0.0002600148	0.9997254	1.454788e-05
1.264919e-05	0.99997187	1.5549247e-05
1.4798831e-05	0.99997115	1.4063755e-05
1.8384353e-05	0.99996865	1.294756e-05
9.311591e-06	1.8429955e-05	0.9999722
0.9999219	5.7554887e-05	2.0460428e-05
1.834547e-05	0.9999685	1.3166109e-05
1.2137187e-05	0.99997354	1.4253499e-05
5.391085e-06	1.3553704e-05	0.99998105
0.00013798845	0.99961996	0.00024198265
6.4396186e-06	9.036358e-06	0.9999845
2.1114123e-05	0.9838219	0.01615692
1.0442026e-05	7.369788e-06	0.99998224
9.591713e-06	9.399072e-06	0.99998105
5.316656e-06	1.4965267e-05	0.99997973
6.6652015e-06	1.3078274e-05	0.9999802
6.3280104e-06	1.3607465e-05	0.9999801
6.3041884e-06	9.6480535e-06	0.999984
8.0389445e-06	1.0255907e-05	0.99998176
1.8066465e-05	0.9999602	2.1643189e-05
1.3905655e-05	0.9998066	0.00017945324
1.9377096e-05	0.99993193	4.8684986e-05
1.2536e-05	0.99996495	2.2574679e-05
8.990028e-06	1.2178132e-05	0.9999788
6.335899e-05	0.99907815	0.0008584653
6.1815217e-06	1.1041699e-05	0.99998283
3.4885677e-05	0.9470529	0.052912287
1.2661693e-05	0.99994135	4.5971792e-05
8.139748e-06	8.3909335e-06	0.99998343
1.1716644e-05	0.9999691	1.9224854e-05
1.149131e-05	8.404922e-06	0.9999801
2.3807226e-05	0.997491	0.0024851887
1.3110364e-05	0.9999703	1.6566812e-05
0.9999474	3.4842906e-05	1.7777238e-05
5.4053003e-06	1.1363449e-05	0.9999832
2.2908047e-05	0.018408742	0.9815684
1.4276211e-05	0.9999721	1.3600948e-05
0.00011671515	0.9998441	3.9272774e-05
5.950321e-06	1.032031e-05	0.9999838
1.4554305e-05	0.99987805	0.00010739028
0.9999577	2.173346e-05	2.0663922e-05
6.2665804e-06	2.0152327e-05	0.99997354
5.854923e-06	1.17371865e-05	0.99998236
1.0156757e-05	0.999882	0.00010783498
1.2783589e-05	0.9999609	2.630969e-05
4.759206e-05	0.9999391	1.3359234e-05
1.2547432e-05	0.9999714	1.6092457e-05
0.999951	3.2193817e-05	1.6801589e-05
6.838172e-06	1.5082413e-05	0.99997807
1.1573336e-05	0.999681	0.00030741282
4.1706703e-06	2.4250507e-05	0.9999716
3.025027e-05	0.9999566	1.3165275e-05
3.9364472e-06	3.274851e-05	0.9999633
6.9467883e-06	8.790721e-06	0.99998426
1.4012535e-05	0.99996936	1.6599943e-05
1.509372e-05	0.9999722	1.259899e-05
5.5059454e-06	2.3092041e-05	0.9999714
1.041657e-05	0.99997044	1.9240522e-05
2.160164e-05	0.9999535	2.4943987e-05
1.5334477e-05	0.999966	1.8611216e-05
4.500509e-06	3.1465803e-05	0.999964
6.904453e-06	8.556806e-06	0.9999845
2.6669924e-05	0.99996066	1.2591265e-05
1.7966824e-05	0.9999573	2.470674e-05
4.326309e-05	0.99993455	2.216843e-05
1.0525209e-05	0.9999689	2.0656353e-05
1.2975297e-05	0.99996865	1.8386017e-05
1.4809332e-05	0.99996245	2.2811295e-05
0.9996339	0.0003364777	2.9541736e-05
7.1556515e-06	1.7168511e-05	0.9999757
1.5422482e-05	0.99995327	3.1394786e-05
2.1386499e-05	0.9984388	0.00153985
0.9996165	0.00035358118	2.9892752e-05
1.4327635e-05	0.9999695	1.6233822e-05
1.859902e-05	0.99997044	1.0945651e-05
7.097907e-06	0.00010489852	0.99988794
1.19330525e-05	0.99995077	3.728832e-05
4.2626025e-06	2.3794808e-05	0.999972
0.99786985	0.00211754	1.2629681e-05
1.439377e-05	0.9999608	2.482447e-05
1.1734577e-05	0.99997175	1.6537379e-05
0.99994063	4.19889e-05	1.7438182e-05
3.1454972e-05	0.97941464	0.020553907
0.99995494	2.8645385e-05	1.6493708e-05
1.5145455e-05	0.9999664	1.8478368e-05
1.4936475e-05	9.440291e-06	0.9999757
1.21534495e-05	0.99996984	1.7940596e-05
6.863398e-06	4.0713512e-05	0.99995244
1.0905323e-05	0.99996614	2.3032735e-05
1.6113303e-05	0.99996805	1.5847689e-05
1.8366874e-05	0.99995875	2.2859687e-05
1.1297064e-05	7.001768e-06	0.99998164
9.610666e-06	7.5869593e-06	0.99998283
1.1823027e-05	0.99992883	5.9317365e-05
4.2776835e-05	2.0936108e-05	0.99993634
0.9999509	3.4612025e-05	1.45980575e-05
8.0167665e-06	8.060341e-06	0.9999839
3.9373557e-05	0.004044546	0.99591607
0.9997714	0.00020099363	2.7610928e-05
0.9999542	2.2439857e-05	2.3379645e-05
9.507858e-06	9.821454e-06	0.9999807
6.1386936e-06	9.357605e-06	0.9999845
0.99995875	2.553502e-05	1.5698894e-05
1.430641e-05	0.9999651	2.0580965e-05
8.7305725e-06	7.3967053e-06	0.9999839
1.3929027e-05	0.99997056	1.5440939e-05
0.99995506	1.4096454e-05	3.0851596e-05
7.9869615e-06	8.8221395e-06	0.9999832
1.66238e-05	2.5452917e-05	0.9999579
1.1473513e-05	0.99924856	0.0007399649
1.0805095e-05	0.99990153	8.766843e-05
8.585594e-06	0.9999404	5.0961604e-05
0.84610516	0.14771782	0.0061769974
8.523389e-06	8.007013e-06	0.99998343
1.8240265e-05	0.99996805	1.3677818e-05
1.4231744e-05	0.9999614	2.4382394e-05
1.3407377e-05	0.9999715	1.5128643e-05
8.227227e-06	8.216289e-06	0.99998355
0.0003076463	0.95406425	0.04562816
7.4996437e-06	8.3294535e-06	0.99998415
4.471172e-06	2.548349e-05	0.9999701
7.897509e-06	8.063909e-06	0.999984
7.724744e-06	8.288572e-06	0.999984
5.714957e-06	1.0370689e-05	0.9999839
6.677931e-06	1.0478503e-05	0.99998283
6.3778614e-05	0.99990714	2.9094901e-05
0.9999546	2.9219967e-05	1.6197147e-05
0.99939203	0.00059517135	1.2688864e-05
6.693611e-06	1.0315048e-05	0.99998295
7.1233053e-06	1.2016539e-05	0.9999808
1.0451746e-05	0.9999646	2.4928331e-05
4.891386e-06	1.4837855e-05	0.9999802
5.5665505e-06	1.0708309e-05	0.99998367
6.9180714e-06	1.1271131e-05	0.99998176
1.2784207e-05	0.99997103	1.6181555e-05
4.1038766e-05	0.9928093	0.007149634
3.32564e-05	8.92279e-06	0.9999578
7.798578e-06	1.04212095e-05	0.99998176
1.6183085e-05	0.9999311	5.265393e-05
5.939113e-06	1.1260936e-05	0.99998283
6.958531e-06	1.0629594e-05	0.99998236
8.92119e-06	8.321701e-06	0.9999827
7.5201074e-06	8.1285225e-06	0.9999844
1.4823718e-05	0.9999702	1.5013612e-05
2.1452888e-05	0.006949594	0.99302894
2.5804155e-05	0.99996257	1.1683149e-05
3.0434807e-05	0.9999473	2.2316839e-05
1.2027449e-05	0.9999471	4.0846262e-05
7.645457e-06	7.764605e-06	0.9999846
6.6229036e-06	8.942194e-06	0.9999844
7.901707e-06	8.844009e-06	0.9999833
1.23206355e-05	0.9999585	2.9214596e-05
7.131775e-05	0.009762648	0.990166
5.960887e-06	9.898275e-06	0.99998415
1.0944219e-05	0.9999683	2.0761961e-05
0.00037009575	0.99959415	3.5745583e-05
1.1865701e-05	0.99996686	2.1176755e-05
1.420291e-05	0.9999695	1.631297e-05
1.2974508e-05	0.999967	2.0038187e-05
3.446048e-05	0.99995065	1.4945034e-05
0.9999559	1.4456954e-05	2.9725392e-05
1.3828129e-05	0.9999703	1.5833359e-05
1.6995014e-05	0.9999677	1.5276395e-05
1.729381e-05	0.9999547	2.80142e-05
1.0513208e-05	7.612021e-06	0.9999819
2.0408008e-05	0.99996114	1.8442848e-05
1.1555065e-05	0.99996436	2.4118404e-05
7.5588005e-06	8.638169e-06	0.9999838
0.00018067285	0.99980885	1.050786e-05
6.3264415e-06	9.760253e-06	0.9999839
7.454515e-05	0.99989223	3.3246037e-05
1.6250893e-05	0.99997246	1.1367847e-05
1.6797518e-05	0.9999509	3.2349548e-05
0.999956	2.7539123e-05	1.6484622e-05
5.97056e-06	1.0595175e-05	0.99998343
0.7854774	6.6025015e-05	0.21445663
0.05891161	0.94091237	0.00017612349
2.9854196e-05	0.9847749	0.01519528
0.9875064	0.01245341	4.0213094e-05
5.196989e-06	1.1227712e-05	0.99998355
5.468157e-06	1.3963069e-05	0.99998057
1.5807347e-05	0.9999646	1.952647e-05
5.9632525e-06	1.0790449e-05	0.9999832
5.5818346e-06	9.263882e-05	0.9999018
0.9999428	3.7759346e-05	1.9444074e-05
4.412763e-05	0.2110952	0.7888607
0.99995303	2.4224999e-05	2.2778235e-05
2.0026167e-05	0.999964	1.596566e-05
1.3691762e-05	0.9999666	1.9632305e-05
0.6498332	0.34936073	0.00080605387
0.022607774	0.9773193	7.296622e-05
6.399592e-06	8.961079e-06	0.9999846
0.99993336	4.797645e-05	1.8723831e-05
0.99996054	1.7066566e-05	2.2410615e-05
7.5402763e-06	1.1381189e-05	0.99998105
0.9999577	2.4006762e-05	1.8405482e-05
5.33508e-06	1.1688068e-05	0.99998295
5.255708e-06	1.483584e-05	0.99997985
5.295338e-06	0.00036107074	0.99963367
1.5370486e-05	0.99996924	1.538392e-05
0.99995804	1.5472939e-05	2.642942e-05
1.7593793e-05	0.9999659	1.641186e-05
1.6589396e-05	0.999967	1.6396467e-05
1.5936395e-05	0.99996984	1.4146006e-05
5.7037983e-06	1.2663544e-05	0.99998164
1.51312515e-05	0.9999722	1.2651319e-05
1.6550674e-05	0.9999665	1.6879228e-05
0.99994326	3.9747647e-05	1.704389e-05
7.246819e-06	9.36212e-06	0.99998343
1.3133837e-05	0.99997294	1.3928065e-05
2.1925925e-05	0.99996626	1.1832076e-05
1.3295044e-05	0.9999653	2.1281452e-05
1.1191244e-05	0.00021362997	0.99977523
9.135154e-06	0.0037234835	0.9962674
0.9999529	3.1746247e-05	1.5346302e-05
4.893856e-05	0.9931571	0.006794023
7.647352e-06	0.0002387087	0.99975365
2.057826e-05	0.99984133	0.00013799743
9.956353e-06	1.011813e-05	0.99998
1.0102501e-05	1.09157645e-05	0.999979
1.7279366e-05	0.99994385	3.8817332e-05
0.96392363	0.03594472	0.00013165537
3.9240194e-06	6.979605e-05	0.9999263
1.1736027e-05	0.9999722	1.6088741e-05
1.7168035e-05	0.999967	1.586535e-05
9.279878e-05	0.99988854	1.8570008e-05
0.03547951	0.96448594	3.450791e-05
7.618959e-06	8.1904855e-06	0.99998415
1.09640205e-05	7.895641e-06	0.99998116
1.2364759e-05	0.99997425	1.3384827e-05
9.6777285e-06	1.17368845e-05	0.99997854
3.9104025e-06	2.299931e-05	0.99997306
9.462946e-05	4.9942086e-05	0.9998554
1.5654246e-05	0.999969	1.5365324e-05
1.5708261e-05	0.9999155	6.874461e-05
0.9999565	2.8725997e-05	1.4747668e-05
1.9127106e-05	0.9999672	1.3683156e-05
8.948703e-06	7.622799e-06	0.99998343
1.8290906e-05	0.9999559	2.590021e-05
0.00018067608	0.98287004	0.016949277
7.017412e-05	0.9995065	0.00042335448
1.3594118e-05	0.9980565	0.0019299453
0.88801813	0.019257145	0.09272479
1.0366628e-05	1.0196374e-05	0.9999795
1.7577277e-05	0.999969	1.34906595e-05
1.4502409e-05	0.9999709	1.448683e-05
0.004169188	0.9958111	1.9749774e-05
1.327994e-05	0.99996734	1.9448356e-05
5.426344e-06	1.1032906e-05	0.99998355
1.4302783e-05	0.9999615	2.4165094e-05
5.9089243e-06	1.0737265e-05	0.9999833
7.1190884e-06	8.231867e-06	0.9999846
4.5362476e-06	2.8563238e-05	0.99996686
4.537413e-06	1.4896333e-05	0.99998057
5.6355325e-06	1.1342314e-05	0.9999831
0.00018859694	0.27692568	0.7228857
1.6304439e-05	0.99995744	2.6258114e-05
0.00026508956	0.9997008	3.416802e-05
0.9999572	2.2638493e-05	2.0195728e-05
1.0647956e-05	0.99996686	2.2511818e-05
6.583423e-05	0.99991953	1.4692853e-05
5.741252e-06	1.1620123e-05	0.9999826
1.0249459e-05	7.469557e-06	0.99998224
1.7699467e-05	0.99996805	1.4297354e-05
0.0016376674	0.9962494	0.0021130664
1.6299367e-05	0.99996495	1.8735836e-05
5.8712017e-06	1.2404607e-05	0.99998176
4.773177e-06	1.9926816e-05	0.9999753
0.99995136	2.7918411e-05	2.0714104e-05
1.37689285e-05	0.9999696	1.660918e-05
7.4804725e-06	9.267302e-06	0.9999833
0.99965096	0.0003418882	7.1749723e-06
7.064786e-06	9.203522e-06	0.9999838
2.4248533e-05	0.9999627	1.3088838e-05
5.5248806e-06	1.7399812e-05	0.9999771
1.3053847e-05	0.9999732	1.373695e-05
1.1751649e-05	0.9999702	1.795582e-05
1.546756e-05	0.9999708	1.3714141e-05
6.735607e-06	1.5847008e-05	0.99997747
1.4956375e-05	0.9999672	1.7847016e-05
6.9061207e-06	1.4222156e-05	0.9999789
1.0326183e-05	0.0056143026	0.99437535
7.3752326e-06	1.4795317e-05	0.9999778
7.193608e-06	9.1329775e-06	0.99998367
1.4986825e-05	0.9999726	1.2445611e-05
2.2430884e-05	0.99996436	1.3231281e-05
2.0365893e-05	0.9999505	2.9055569e-05
9.833745e-06	0.9999267	6.355241e-05
1.4084689e-05	0.9999689	1.7075925e-05
0.9999578	2.0303925e-05	2.1925676e-05
1.0667688e-05	0.99995494	3.4448993e-05
4.9385202e-05	0.9999385	1.2181928e-05
5.2002147e-06	1.2549052e-05	0.99998224
5.4381853e-06	1.2343556e-05	0.99998224
6.921171e-06	8.694491e-06	0.9999844
1.99934e-05	0.9999658	1.4158851e-05
6.5230365e-06	1.8553963e-05	0.99997497
1.2531371e-05	0.9999274	6.0034698e-05
9.201864e-06	7.834741e-06	0.99998295
1.2225228e-05	0.9986143	0.0013734468
2.7591701e-05	0.99996173	1.07308615e-05
1.698756e-05	0.99995625	2.6654423e-05
0.025825594	0.50413114	0.4700433
0.80202055	0.18755317	0.010426288
0.9994363	0.0005515899	1.20048435e-05
7.711977e-06	8.892715e-06	0.99998343
9.21646e-06	0.99993527	5.5590004e-05
9.367844e-06	7.40714e-06	0.9999832
1.1078246e-05	0.9999666	2.2252514e-05
6.3513755e-05	0.99933654	0.0005999599
0.99995124	3.081381e-05	1.79871e-05
6.137443e-06	1.0854251e-05	0.99998295
2.1234286e-05	0.9999629	1.5804215e-05
1.5643947e-05	0.9999355	4.8816175e-05
6.069461e-06	9.596631e-06	0.9999844
1.4281128e-05	0.9999721	1.3555935e-05
0.99995685	1.8844923e-05	2.4263749e-05
0.9995059	0.0004808245	1.33824105e-05
1.4121661e-05	0.9999697	1.6249238e-05
1.3003697e-05	0.99997306	1.3987727e-05
1.4528864e-05	0.99996626	1.9182675e-05
1.689828e-05	0.99996626	1.6757633e-05
1.1566872e-05	9.050293e-06	0.9999794
0.99991477	1.8981407e-05	6.631832e-05
7.311744e-05	0.9999137	1.3175499e-05
6.7629126e-06	9.8265045e-06	0.99998343
8.196188e-05	0.99987006	4.790095e-05
7.3351825e-06	1.5588526e-05	0.9999771
1.5731517e-05	0.9999604	2.383714e-05
1.51581835e-05	0.9999691	1.5741978e-05
7.391944e-06	8.853497e-06	0.9999838
1.0724712e-05	1.2308872e-05	0.999977
6.377907e-06	9.016492e-06	0.9999846
0.002497465	2.2124023e-05	0.99748045
4.8606366e-06	1.6636102e-05	0.99997854
1.2025059e-05	0.99996376	2.417988e-05
1.81177e-05	0.99996924	1.2591361e-05
8.680533e-06	0.99992657	6.474953e-05
1.3915371e-05	0.9999672	1.8888104e-05
0.021109464	0.9784595	0.00043116065
5.7478333e-06	1.4306213e-05	0.99998
0.9999585	2.4083281e-05	1.7382474e-05
0.0021306768	0.9978362	3.31985e-05
1.1437162e-05	0.999949	3.9629595e-05
8.663219e-05	0.99990165	1.1723934e-05
1.3063897e-05	7.026131e-06	0.99997985
0.00033213943	2.174717e-05	0.99964607
1.554625e-05	0.9999709	1.3614661e-05
0.9998292	0.00016103702	9.741522e-06
1.0955868e-05	0.9999707	1.8381603e-05
1.1529128e-05	9.353112e-06	0.99997914
0.99978036	0.00021251166	7.1183877e-06
1.0322125e-05	0.9999726	1.7026714e-05
2.3240744e-05	0.9992428	0.0007340453
1.43789e-05	0.99996483	2.0798474e-05
6.476512e-06	9.598969e-06	0.9999839
6.7229166e-06	9.47241e-06	0.9999838
8.619522e-06	8.411545e-06	0.99998295
0.0022624817	2.7693617e-05	0.9977099
6.734545e-05	0.051699094	0.94823354
0.061828047	0.0050333985	0.9331386
0.9998996	6.687569e-05	3.354486e-05
1.6348731e-05	1.9809226e-05	0.9999639
1.6700376e-05	0.99980253	0.00018075547
1.9532572e-05	0.99996436	1.6048405e-05
1.2857187e-05	0.9999682	1.896722e-05
1.2178712e-05	0.9999653	2.2563734e-05
5.123903e-06	1.3124011e-05	0.99998176
0.0010847164	2.336608e-05	0.9988919
6.580911e-06	9.610354e-06	0.9999838
1.6420092e-05	0.99996674	1.684993e-05
1.5529975e-05	0.9999629	2.1607242e-05
1.13526685e-05	0.99997056	1.8105113e-05
4.4681296e-05	0.9999269	2.833623e-05
6.444926e-06	9.217968e-06	0.9999844
7.693173e-06	7.784035e-06	0.9999845
1.0329191e-05	0.99995995	2.9736175e-05
8.706334e-06	8.62503e-06	0.9999827
0.99995816	2.4215029e-05	1.7633736e-05
0.9998313	1.6388927e-05	0.00015220152
0.999892	2.517385e-05	8.282125e-05
1.9846622e-05	0.99996555	1.4702499e-05
6.102452e-06	1.2091963e-05	0.99998176
3.562375e-05	0.002185406	0.99777895
2.8828541e-05	0.9999522	1.8899118e-05
9.723895e-06	0.99995315	3.709047e-05
1.7858667e-05	0.9998903	9.178309e-05
0.9989599	0.00015089296	0.0008891523
1.3312186e-05	0.9999702	1.6489039e-05
4.5411245e-05	0.9999422	1.2440106e-05
9.497596e-06	0.9999689	2.1524567e-05
6.569752e-06	1.5968328e-05	0.99997747
2.4699624e-05	0.9695681	0.030407226
5.39445e-06	0.00031271877	0.99968195
0.9999552	2.495269e-05	1.9848463e-05
6.6101748e-06	1.014724e-05	0.9999832
6.0450593e-06	1.1639884e-05	0.99998236
9.719685e-05	0.9998809	2.198689e-05
7.0443375e-06	9.506769e-06	0.99998343
5.1589363e-06	1.3200052e-05	0.99998164
1.1161499e-05	0.99997103	1.7779472e-05
8.139748e-06	8.3909335e-06	0.99998343
1.5186883e-05	0.9999552	2.973918e-05
1.5141938e-05	0.9999459	3.8970822e-05
1.7730184e-05	0.9999616	2.0606974e-05
6.563057e-05	0.99992347	1.0842846e-05
1.4189197e-05	0.99997234	1.34847505e-05
0.9999471	4.0200342e-05	1.2811238e-05
0.011798729	0.57492435	0.4132769
0.99993753	4.5258203e-05	1.7197466e-05
7.908971e-06	9.3145145e-06	0.99998283
8.777089e-06	8.236777e-06	0.99998295
0.3568938	0.6430402	6.597009e-05
1.1832505e-05	0.99997294	1.5251668e-05
1.2099293e-05	0.9999726	1.5420428e-05
7.3325946e-06	8.888862e-06	0.9999838
0.8851893	0.11475841	5.230093e-05
6.94377e-06	9.374426e-06	0.99998367
7.264879e-06	9.251584e-06	0.99998343
2.4706818e-05	0.99995184	2.3443667e-05
7.5110943e-06	8.597538e-06	0.9999839
7.467385e-06	9.435573e-06	0.9999831
0.9999598	1.6724189e-05	2.3449535e-05
6.2533445e-06	9.896649e-06	0.9999839
7.672124e-05	0.9998821	4.1156727e-05
7.896956e-06	8.4440535e-06	0.99998367
9.746055e-06	0.9999683	2.1926704e-05
6.8235786e-06	1.0640185e-05	0.9999826
0.9999558	2.3405426e-05	2.0902698e-05
1.1077062e-05	2.6167809e-05	0.9999628
7.1254613e-06	8.918071e-06	0.9999839
8.4739995e-06	7.892266e-06	0.99998367
1.3296049e-05	0.9999684	1.8190814e-05
2.708714e-05	0.99995947	1.3460806e-05
0.69985557	0.29918087	0.00096349284
1.6376156e-05	0.99996996	1.3721167e-05
6.4227015e-06	9.202675e-06	0.9999844
1.3556045e-05	0.99990964	7.681875e-05
2.865661e-05	0.9999604	1.0996275e-05
1.2988546e-05	8.65373e-06	0.9999783
7.3121823e-06	8.899837e-06	0.9999838
5.1006346e-06	1.1772609e-05	0.9999831
1.3103333e-05	0.9999689	1.7996716e-05
1.3119095e-05	0.9999714	1.5547696e-05
2.7674503e-05	0.99996173	1.0649617e-05
7.8008525e-06	3.917627e-05	0.99995303
7.5906073e-06	9.478952e-06	0.99998295
0.82215387	6.261802e-05	0.17778349
0.9999479	2.5733223e-05	2.6340229e-05
1.9690135e-05	0.99996483	1.5524214e-05
1.5965321e-05	0.9999695	1.4590102e-05
1.5285803e-05	0.9999645	2.0282676e-05
1.23272575e-05	0.9999646	2.3119914e-05
1.2602193e-05	0.9998659	0.00012145682
1.0245744e-05	1.1443564e-05	0.9999783
1.5651087e-05	0.9999684	1.5938545e-05
6.762037e-06	1.04659985e-05	0.9999827
1.6468695e-05	0.02016256	0.97982097
2.1449943e-05	0.9999683	1.02403465e-05
0.9999429	3.875101e-05	1.8399049e-05
5.2877995e-06	1.1904768e-05	0.99998283
1.6206559e-05	0.99996436	1.9397174e-05
6.493851e-06	1.1020865e-05	0.9999825
1.2042435e-05	0.9999658	2.2139333e-05
0.9999596	1.7913657e-05	2.2588836e-05
7.810437e-06	9.2944165e-06	0.99998295
1.9033458e-05	0.9999696	1.1304106e-05
0.9999517	3.4220593e-05	1.4074713e-05
1.3412576e-05	0.999972	1.4596528e-05
9.717948e-06	0.9999527	3.7565296e-05
1.2008199e-05	0.99996936	1.8539602e-05
2.2088823e-05	0.99996495	1.305089e-05
9.310796e-06	1.0505171e-05	0.9999802
1.8301114e-05	0.9999683	1.3327174e-05
3.2937853e-05	0.043374438	0.95659256
0.6400622	0.344831	0.015106743
0.00035260653	0.999616	3.1325348e-05
5.649667e-06	1.1626709e-05	0.9999827
7.725382e-06	0.9999244	6.778375e-05
7.870024e-06	7.741939e-06	0.9999844
5.4664688e-05	0.99991643	2.8801873e-05
9.701768e-06	8.4193525e-06	0.9999819
1.3094086e-05	0.99996865	1.8206125e-05
1.7929564e-05	0.99996984	1.2331661e-05
0.4163119	0.583534	0.0001541346
2.1051184e-05	0.9999647	1.4186166e-05
5.378698e-06	2.497948e-05	0.9999696
1.8025874e-05	0.99996746	1.4565841e-05
7.906508e-06	1.9513407e-05	0.9999726
0.9998542	0.00012382833	2.1944952e-05
0.9999349	5.227024e-05	1.2795307e-05
9.849052e-06	0.9999713	1.880776e-05
0.9997991	0.00018954782	1.1444383e-05
0.00013781986	0.02087514	0.97898704
1.9008954e-05	0.9999651	1.5973215e-05
7.190593e-06	1.1625826e-05	0.99998116
2.107414e-05	0.9999646	1.4316311e-05
4.988056e-06	1.2751158e-05	0.99998224
7.12955e-06	1.0422777e-05	0.9999825
5.786181e-06	1.0754001e-05	0.99998343
7.9044985e-06	8.396427e-06	0.99998367
2.020341e-05	0.9999474	3.2460255e-05
6.163828e-06	1.2550632e-05	0.9999813
6.084878e-06	1.036077e-05	0.99998355
0.99989486	1.5804466e-05	8.925807e-05
1.0996121e-05	7.311163e-06	0.99998164
8.301202e-06	8.106576e-06	0.99998355
1.0188735e-05	0.99996054	2.9265071e-05
2.878152e-05	0.99993813	3.315786e-05
1.2932404e-05	8.031804e-06	0.999979
7.1627487e-06	9.038714e-06	0.9999838
1.8540453e-05	0.9999647	1.665381e-05
5.63433e-05	0.99990547	3.809249e-05
5.8678197e-06	1.0585995e-05	0.99998355
9.4084735e-06	8.291136e-06	0.99998236
2.1022946e-05	0.9999404	3.8656206e-05
3.190708e-05	0.9999393	2.8702367e-05
1.2894663e-05	0.99993277	5.4403932e-05
4.0525098e-05	0.99994874	1.0742825e-05
1.4678792e-05	0.9999691	1.6162156e-05
0.999959	2.0754484e-05	2.030387e-05
9.021169e-06	8.548698e-06	0.9999825
6.921367e-06	9.007196e-06	0.999984
1.5293102e-05	0.9999708	1.3911467e-05
4.491211e-06	1.9667847e-05	0.9999758
0.00011399629	0.99987423	1.1806191e-05
6.5994686e-06	1.3644143e-05	0.99997973
9.44486e-06	6.1366605e-05	0.9999292
0.02607889	0.97386205	5.9082075e-05
1.52434195e-05	0.99996686	1.7857226e-05
2.4840452e-05	0.9999597	1.5439047e-05
1.4359942e-05	0.9998776	0.00010808675
5.5363234e-06	1.2112607e-05	0.99998236
2.4872154e-05	0.9999573	1.772468e-05
8.252317e-06	2.5628622e-05	0.99996614
6.01023e-06	1.1506691e-05	0.9999825
1.2693403e-05	0.99997354	1.3823136e-05
1.1922247e-05	0.99997187	1.6161135e-05
1.2911369e-05	0.9999639	2.3248911e-05
1.9784526e-05	0.99996555	1.4654499e-05
0.9999255	6.239782e-05	1.2099576e-05
1.4201404e-05	0.9999664	1.9440065e-05
1.1951418e-05	0.9999428	4.5324134e-05
0.91257954	5.34738e-05	0.087367006
7.185421e-06	8.240861e-06	0.9999846
1.1480329e-05	0.99996996	1.8610686e-05
1.36602075e-05	0.9999709	1.541139e-05
6.0192515e-06	1.0913519e-05	0.9999831
0.9999602	2.1569504e-05	1.8240278e-05
7.715042e-06	9.059006e-06	0.9999832
1.8763232e-05	0.99996984	1.1429289e-05
1.5623935e-05	0.99997056	1.3794755e-05
8.105488e-06	0.0002495458	0.9997423
0.005159026	1.656127e-05	0.9948244
1.256278e-05	0.99996173	2.5767664e-05
7.1241607e-06	8.432159e-06	0.9999845
1.5540807e-05	0.99996877	1.5709487e-05
6.199634e-05	0.028547527	0.97139055
1.4303124e-05	0.99996054	2.5131967e-05
8.716097e-06	0.000117066586	0.99987423
1.1254347e-05	0.99995637	3.2444423e-05
3.7006797e-05	0.99994814	1.48439185e-05
1.4957676e-05	0.99996746	1.7700248e-05
1.029539e-05	0.9999703	1.9470905e-05
9.728399e-06	0.9999689	2.1384249e-05
1.37096295e-05	0.9982186	0.0017676812
1.5625237e-05	0.999949	3.545801e-05
5.1987336e-06	1.4102867e-05	0.9999807
4.366539e-06	3.8020215e-05	0.99995756
1.305886e-05	0.99996984	1.7008135e-05
1.3035143e-05	0.99997175	1.5248873e-05
0.00034649516	0.976295	0.023358468
7.996314e-06	8.716781e-06	0.9999833
1.5556698e-05	0.9999684	1.598517e-05
8.34476e-06	9.212685e-06	0.9999825
1.4682553e-05	1.6394122e-05	0.9999689
1.7633418e-05	0.9999629	1.9384404e-05
1.7501034e-05	0.9999678	1.4703571e-05
1.0884293e-05	0.999969	2.0126654e-05
6.070841e-06	1.1035047e-05	0.99998295
5.7409598e-06	1.0093231e-05	0.99998415
7.197342e-06	9.9345e-06	0.99998283
6.760197e-06	9.90601e-06	0.9999833
5.4341367e-06	1.1293938e-05	0.9999833
1.4759111e-05	0.9999653	1.9861918e-05
1.5512373e-05	0.9999703	1.4201731e-05
7.2185762e-06	7.945927e-06	0.99998486
1.7314489e-05	0.0014041017	0.99857855
7.858912e-06	8.352598e-06	0.9999838
1.3667301e-05	0.99962616	0.00036013112
9.562412e-06	0.9999666	2.3825152e-05
1.2016115e-05	0.99996936	1.8639412e-05
0.0036770161	0.99626863	5.4251275e-05
1.2177149e-05	0.99995244	3.542744e-05
1.2920163e-05	0.99995804	2.9144901e-05
1.4945955e-05	0.99996746	1.7621527e-05
1.0473752e-05	0.9999622	2.7332124e-05
1.5948228e-05	0.99996066	2.3368028e-05
6.5858662e-06	1.2281907e-05	0.99998116
2.3022536e-05	0.99994576	3.118703e-05
5.9382937e-06	9.962217e-06	0.99998415
0.9999355	5.2923348e-05	1.157815e-05
7.794159e-06	8.892435e-06	0.9999833
2.0710682e-05	0.9999664	1.28901665e-05
0.9999502	3.153611e-05	1.8212128e-05
9.455497e-06	8.509286e-06	0.999982
9.114175e-06	0.99996746	2.3524548e-05
1.9195097e-05	0.9999689	1.1925897e-05
8.725934e-06	8.493402e-06	0.99998283
7.1199884e-06	8.676134e-06	0.99998415
5.215804e-06	1.1796039e-05	0.99998295
8.642302e-06	7.954133e-06	0.99998343
0.020097362	0.97977394	0.00012868621
5.353592e-06	1.3638996e-05	0.99998105
0.006288678	0.9934627	0.00024872532
1.1853785e-05	8.409537e-06	0.99997973
1.7192559e-05	0.9999685	1.4336206e-05
1.0343992e-05	0.99996793	2.1640015e-05
6.6047332e-06	9.778334e-06	0.99998367
0.9999596	2.3758323e-05	1.6637025e-05
1.1118403e-05	0.001617398	0.99837154
0.0016146484	0.00030468733	0.9980806
6.636674e-06	8.938673e-06	0.9999844
5.5956593e-06	1.0706472e-05	0.99998367
6.18339e-06	1.0152133e-05	0.99998367
7.168294e-06	8.559172e-06	0.99998426
5.9489857e-06	9.5599935e-06	0.9999845
6.9768257e-06	9.419897e-06	0.99998355
6.1963074e-05	0.99992704	1.0924936e-05
9.198037e-06	8.88298e-06	0.9999819
1.1483921e-05	0.99996245	2.6058322e-05
1.3163884e-05	0.99997306	1.3862022e-05
6.76576e-06	1.0314378e-05	0.99998295
8.510307e-06	8.593127e-06	0.99998295
6.5482154e-06	1.1159804e-05	0.99998224
1.8565248e-05	0.99996686	1.4484492e-05
5.48234e-06	1.1891942e-05	0.9999826
4.0769346e-06	6.194973e-05	0.99993396
9.030569e-06	8.271915e-06	0.9999827
1.6326236e-05	0.99996793	1.5729505e-05
0.052065507	0.94789314	4.1373194e-05
0.00013512089	0.9998485	1.6353988e-05
8.723851e-06	7.890127e-06	0.99998343
1.0213116e-05	0.99993396	5.584216e-05
5.8555765e-06	1.1639342e-05	0.9999825
1.863292e-05	0.99996805	1.3344812e-05
0.9999541	1.7687342e-05	2.8232069e-05
1.12060825e-05	0.9999653	2.3463175e-05
5.374443e-06	1.2452544e-05	0.9999821
2.018353e-05	0.99996436	1.5535641e-05
4.7293768e-05	0.919459	0.08049376
5.9584336e-06	9.542044e-05	0.99989855
0.00030948143	0.99967563	1.4910675e-05
7.7851706e-05	0.99991035	1.1751586e-05
1.2587242e-05	0.99996626	2.1108714e-05
1.16265755e-05	0.9999732	1.5154834e-05
1.3961433e-05	0.9999702	1.587527e-05
0.011798729	0.57492435	0.4132769
6.353674e-06	1.3556715e-05	0.9999801
4.015862e-06	1.8702094e-05	0.99997723
1.616441e-05	0.99997044	1.33554995e-05
8.919476e-06	7.941012e-06	0.9999832
1.3637743e-05	0.99995494	3.149449e-05
7.6229658e-06	0.999522	0.00047039957
1.5972271e-05	0.99996805	1.6026303e-05
1.4154033e-05	0.9999726	1.325018e-05
6.87244e-06	8.767856e-06	0.9999844
1.4258042e-05	0.99994695	3.8737016e-05
1.0891803e-05	0.9999653	2.3892084e-05
4.26459e-06	0.00011462119	0.99988115
8.953247e-06	8.361913e-06	0.9999827
3.7319573e-05	6.7365986e-06	0.9999559
0.9999585	1.7818647e-05	2.3695438e-05
1.4269597e-05	0.9999665	1.9134755e-05
1.7248312e-05	0.99996865	1.4006753e-05
2.7194497e-05	0.9999505	2.2248081e-05
1.7166183e-05	0.9999192	6.366003e-05
7.771029e-06	6.91976e-05	0.999923
5.56461e-06	1.6182092e-05	0.9999783
0.99995947	2.2123784e-05	1.8382974e-05
0.016462008	0.98342645	0.000111482506
2.6349644e-05	0.9999639	9.801276e-06
0.99996054	1.9195595e-05	2.025569e-05
7.3664023e-06	1.0218599e-05	0.99998236
1.24328535e-05	0.99996936	1.818379e-05
9.998197e-06	7.4915606e-06	0.9999825
3.0363051e-05	0.9999566	1.299571e-05
2.3741904e-05	0.99996066	1.5641372e-05
2.5197629e-05	0.9804223	0.019552484
1.0245073e-05	1.2978372e-05	0.99997675
2.1372438e-05	0.99991226	6.633795e-05
0.0056216763	0.99399734	0.00038099155
1.447955e-05	0.99990606	7.948321e-05
1.5268712e-05	0.9999653	1.9376816e-05
1.0261798e-05	0.9999647	2.4998375e-05
0.9998472	0.00013542776	1.7363225e-05
1.1420388e-05	0.9999403	4.8282338e-05
9.830166e-06	7.872297e-06	0.99998224
0.99995685	2.3309754e-05	1.984433e-05
6.849458e-06	9.270701e-06	0.9999839
0.9999559	2.9427089e-05	1.46183875e-05
0.6044136	0.3953301	0.00025627212
8.3667965e-06	8.9401665e-06	0.9999827
1.2047933e-05	0.99997115	1.6815891e-05
8.4273925e-06	9.02141e-06	0.9999826
1.6199321e-05	0.99996865	1.51426e-05
8.852121e-06	7.3243687e-06	0.9999838
7.633904e-06	2.848065e-05	0.9999639
1.6997416e-05	0.9999678	1.5197969e-05
6.247294e-06	2.9890052e-05	0.9999639
1.165116e-05	0.9999654	2.2898766e-05
1.3666434e-05	0.99996984	1.646562e-05
1.5332933e-05	0.9999149	6.969701e-05
0.00023432032	0.99975246	1.3190257e-05
5.7330576e-06	1.05128665e-05	0.9999838
1.8053875e-05	0.9999603	2.1734824e-05
1.9426021e-05	0.9999589	2.1748e-05
5.481647e-06	1.715916e-05	0.99997735
2.9901988e-05	0.9999387	3.1371583e-05
2.2820504e-05	0.99996173	1.5470165e-05
1.0112331e-05	0.99996746	2.2415812e-05
7.577219e-06	1.2476458e-05	0.99998
8.236533e-06	9.723537e-06	0.999982
5.8248656e-06	9.775124e-06	0.9999844
6.977142e-06	1.188323e-05	0.99998116
5.745042e-06	1.0695907e-05	0.99998355
1.1549651e-05	0.999964	2.445537e-05
4.5589654e-06	3.4144276e-05	0.99996126
5.6778623e-05	0.9998135	0.00012977015
6.470641e-06	1.3407902e-05	0.9999801
0.9965306	0.0034453478	2.413824e-05
1.2016964e-05	0.9999647	2.3195866e-05
8.220518e-06	8.762596e-06	0.9999831
6.857998e-06	8.585318e-06	0.9999845
0.99992025	6.8075446e-05	1.1703843e-05
0.99995124	1.61341e-05	3.264192e-05
1.5691603e-05	6.4554324e-06	0.9999778
9.595893e-06	0.9999714	1.9065412e-05
9.365534e-06	7.875402e-06	0.9999827
2.5528996e-05	0.9930836	0.0068907696
0.035052214	0.9642629	0.00068488624
0.99994314	1.7434202e-05	3.9401522e-05
5.8412597e-06	1.0662065e-05	0.99998355
3.7104004e-05	0.9999356	2.7349623e-05
1.3553301e-05	0.99997234	1.4045597e-05
5.7511043e-06	1.078508e-05	0.99998343
1.3142086e-05	0.9999676	1.9347373e-05
2.041712e-05	0.999966	1.3570701e-05
9.603279e-06	0.9999579	3.2454962e-05
6.393058e-06	1.0041533e-05	0.99998355
1.1226248e-05	0.9999647	2.4127201e-05
7.816702e-06	9.263931e-06	0.99998295
4.442351e-05	0.99994004	1.5548365e-05
7.292764e-06	8.333262e-06	0.9999844
1.9541e-05	1.965171e-05	0.9999608
0.99773765	0.0021866518	7.565613e-05
5.376788e-06	3.4991313e-05	0.9999596
0.0020244063	1.9388224e-05	0.99795616
0.44747403	0.5524488	7.717905e-05
8.2225515e-06	8.355264e-06	0.99998343
5.0674225e-06	1.3621166e-05	0.9999813
1.1842494e-05	0.9999728	1.5319585e-05
7.308943e-06	9.508914e-06	0.9999832
8.349077e-06	8.993074e-06	0.9999827
1.2664096e-05	0.999969	1.8358778e-05
5.813258e-06	1.03958e-05	0.9999838
2.3370867e-05	0.9999459	3.0775467e-05
0.039657913	0.96028787	5.4283173e-05
1.4305372e-05	0.99997175	1.3889408e-05
1.0470698e-05	0.99923027	0.00075925625
5.672105e-06	1.1375851e-05	0.99998295
1.1634236e-05	0.99996996	1.8399092e-05
1.1464668e-05	0.99996006	2.8498502e-05
1.6165435e-05	0.9999585	2.5214835e-05
2.6363807e-05	0.9949674	0.005006315
1.8247076e-05	0.9999666	1.5106872e-05
4.9695614e-06	1.1971487e-05	0.9999831
1.19408305e-05	0.99997103	1.7102104e-05
0.9999454	3.7471134e-05	1.7183536e-05
1.837638e-05	0.99996495	1.674352e-05
7.119008e-06	9.099776e-06	0.9999838
5.1628003e-06	3.5979534e-05	0.9999589
2.2296314e-05	0.9999647	1.297626e-05
2.3994236e-05	0.99996495	1.1087634e-05
7.3655706e-06	8.694818e-06	0.9999839
6.89827e-06	9.028438e-06	0.999984
5.7755788e-06	1.1047032e-05	0.9999832
2.6434333e-05	0.99995697	1.6560129e-05
1.4476421e-05	0.9999721	1.344203e-05
8.166971e-06	1.0089165e-05	0.99998176
1.3175847e-05	0.9999678	1.8972385e-05
1.4066238e-05	0.9999646	2.130162e-05
2.3619185e-05	0.9972293	0.0027470894
5.5484766e-06	1.27987005e-05	0.99998164
4.697809e-05	0.9999281	2.4965488e-05
0.99995625	2.1356711e-05	2.2432263e-05
1.9783627e-05	0.9999659	1.4353227e-05
1.8108565e-05	0.9999658	1.6088514e-05
1.2115288e-05	0.9999682	1.9668581e-05
2.0990614e-05	0.99995387	2.5150235e-05
0.83692557	0.1630271	4.7287867e-05
8.698689e-06	7.615817e-06	0.99998367
4.4061717e-06	1.9429765e-05	0.99997616
1.3107817e-05	0.9999715	1.5423248e-05
3.121473e-05	0.9999571	1.1711922e-05
1.3374104e-05	0.999972	1.4633853e-05
1.6996502e-05	0.99994934	3.355818e-05
1.8463063e-05	0.99996936	1.2164715e-05
1.2235141e-05	0.99996364	2.4041776e-05
1.7714345e-05	0.999969	1.32053865e-05
0.65233	0.34752384	0.00014619505
1.9509727e-05	0.9999528	2.7664175e-05
5.697178e-06	1.053576e-05	0.9999838
6.0557445e-06	1.0893595e-05	0.9999831
2.4570685e-05	0.99995804	1.7396595e-05
1.1793516e-05	0.99997115	1.7101926e-05
9.217014e-06	0.9998933	9.745162e-05
3.64012e-05	0.99994886	1.4812577e-05
8.224532e-06	9.535778e-06	0.99998224
0.9999517	2.0404837e-05	2.7864637e-05
7.662772e-06	8.5311585e-06	0.9999838
6.104406e-05	0.9999199	1.9023673e-05
1.4540777e-05	9.3095405e-06	0.99997616
3.1627154e-05	0.9998832	8.5171676e-05
6.676221e-06	1.3906917e-05	0.9999794
1.4304116e-05	0.9999707	1.50550695e-05
5.7844804e-06	1.0032178e-05	0.99998415
7.687043e-06	9.605376e-06	0.9999827
1.8177509e-05	0.99996436	1.7485807e-05
0.9999521	2.2478576e-05	2.541745e-05
1.4850686e-05	7.4839268e-06	0.9999777
6.0654106e-06	1.0494082e-05	0.99998343
6.6649595e-06	9.3720855e-06	0.9999839
1.2049269e-05	0.99997234	1.5671581e-05
5.2589558e-06	1.2324081e-05	0.9999825
3.4169796e-05	0.9995907	0.0003750748
2.1565564e-05	0.019037064	0.9809413
0.85296136	0.12991203	0.01712658
9.830122e-06	8.594991e-06	0.9999815
7.1133054e-06	9.337939e-06	0.99998355
8.901066e-06	9.303771e-06	0.99998176
0.99989796	3.7026788e-05	6.493894e-05
1.0931973e-05	0.9999521	3.6965954e-05
4.268235e-06	0.00015481643	0.99984086
4.8834863e-06	1.2943783e-05	0.9999821
1.6071299e-05	0.99996984	1.4102633e-05
6.1634264e-06	6.922042e-05	0.99992466
7.2473663e-06	1.09411e-05	0.99998176
0.6955399	0.30428103	0.000179116
0.9999591	2.1461554e-05	1.9473659e-05
0.8569418	0.14265133	0.0004068036
1.20487075e-05	0.9999745	1.3481051e-05
7.4131635e-06	1.0987934e-05	0.99998164
7.008118e-06	9.012643e-06	0.999984
4.789378e-06	5.50047e-05	0.99994016
2.2976295e-05	0.99996567	1.1378159e-05
5.352389e-06	1.1380911e-05	0.9999833
0.0029907941	0.99658114	0.00042803734
8.819415e-06	8.80213e-06	0.99998236
5.957013e-06	8.597907e-05	0.9999081
1.133544e-05	0.9999701	1.8636387e-05
1.114343e-05	0.0020840243	0.9979049
3.4613706e-05	0.9999527	1.2755061e-05
0.20986383	0.7900615	7.467833e-05
0.99995935	1.8333774e-05	2.224098e-05
7.821911e-06	4.413254e-05	0.999948
5.8009855e-06	1.0362818e-05	0.9999838
1.0423465e-05	0.9999702	1.9380423e-05
4.363331e-05	0.456193	0.54376334
0.99995434	3.192658e-05	1.3657505e-05
7.996314e-06	8.716781e-06	0.9999833
1.833877e-05	0.9999695	1.2189755e-05
0.66252637	5.7553483e-05	0.3374161
3.8436978e-05	0.0023772633	0.99758434
0.021470772	0.9785039	2.526178e-05
1.8697057e-05	0.99995005	3.126024e-05
6.990578e-06	8.599903e-06	0.9999844
5.581743e-06	1.4590993e-05	0.99997985
9.128324e-06	8.645391e-06	0.99998224
1.0580791e-05	0.9999629	2.6474174e-05
1.2898316e-05	0.9999652	2.1893933e-05
1.6945654e-05	0.99996114	2.1925773e-05
7.1119284e-06	8.386783e-06	0.9999845
2.0421934e-05	0.99996626	1.3308821e-05
0.9998479	0.00011239908	3.9679853e-05
5.8312693e-05	0.9999106	3.1106127e-05
7.2401494e-06	1.07307715e-05	0.999982
1.399451e-05	0.999961	2.499628e-05
7.165299e-06	9.723158e-06	0.9999831
8.876503e-06	0.99906784	0.0009232568
5.6858116e-06	1.1646463e-05	0.9999827
0.99994266	4.4897537e-05	1.2449227e-05
0.059966613	0.9399484	8.5100066e-05
1.5901818e-05	0.99996555	1.85375e-05
1.05170775e-05	7.668671e-06	0.99998176
7.057557e-06	9.653228e-06	0.9999833
1.0814976e-05	0.9999678	2.1279719e-05
1.0153026e-05	0.9999553	3.4609704e-05
4.0627037e-06	1.881273e-05	0.9999771
1.5303987e-05	0.99995744	2.7256428e-05
