0.99956805	0.00041826192	1.3674877e-05
9.115607e-06	0.99997485	1.6138882e-05
1.3663417e-05	0.9999771	9.189944e-06
1.1778143e-05	0.9999782	1.0001825e-05
0.9997366	3.0738614e-05	0.00023262044
0.99977976	0.00018702263	3.3292905e-05
0.99994004	2.442861e-05	3.547643e-05
1.6142309e-05	0.99966276	0.00032111158
1.0875827e-05	1.9151745e-05	0.99996996
8.089349e-06	1.1056028e-05	0.9999808
1.095382e-05	0.99997735	1.163045e-05
1.1149675e-05	8.652047e-06	0.9999802
8.91601e-06	1.1192765e-05	0.99997985
8.060855e-06	1.2925141e-05	0.999979
1.5168054e-05	0.99997544	9.401556e-06
9.730352e-05	0.9998467	5.6003304e-05
0.00012115233	0.99987245	6.4053515e-06
9.508026e-06	0.99998033	1.0156127e-05
1.1797509e-05	0.9999788	9.46726e-06
7.557991e-06	1.0744407e-05	0.99998164
1.5626936e-05	0.9999777	6.6727157e-06
8.77906e-06	0.99996436	2.6767639e-05
1.2015338e-05	7.889814e-06	0.9999801
1.2738205e-05	8.48842e-06	0.9999788
9.002547e-06	1.0036568e-05	0.9999809
6.3271023e-06	1.4033099e-05	0.9999796
0.9999274	5.323875e-05	1.9324838e-05
1.3333894e-05	0.99997735	9.246297e-06
8.726165e-06	1.072065e-05	0.99998057
1.052114e-05	9.681692e-06	0.99997985
1.0113404e-05	0.9999752	1.461524e-05
7.0443475e-06	3.293046e-05	0.99996006
1.4802781e-05	0.9972264	0.0027586422
1.1384548e-05	0.99808645	0.0019021491
1.039148e-05	0.99997723	1.2376664e-05
1.2441869e-05	7.5718813e-06	0.99998
0.4852816	0.5068813	0.007837108
1.326809e-05	0.99997675	9.994526e-06
0.99826103	1.1499893e-05	0.0017274091
6.8481017e-06	1.3703173e-05	0.9999795
1.5330681e-05	0.99997497	9.6769745e-06
9.317588e-06	1.9367602e-05	0.9999713
9.2294285e-06	9.2705295e-06	0.9999815
2.319394e-05	0.0012425228	0.9987343
0.99993587	4.7225196e-05	1.6983779e-05
1.0945184e-05	0.99997914	9.855198e-06
9.38425e-06	0.9999783	1.2291926e-05
6.7686115e-06	3.4342032e-05	0.9999589
1.285872e-05	8.535941e-06	0.99997866
1.1568277e-05	8.56989e-06	0.99997985
1.6705739e-05	0.9999746	8.717687e-06
9.388598e-06	8.787096e-06	0.9999819
6.154133e-06	1.701971e-05	0.9999769
8.077507e-06	0.99996173	3.0144563e-05
2.4152037e-05	0.99996364	1.211833e-05
1.2053261e-05	0.9999784	9.564139e-06
0.006224502	0.99375147	2.404211e-05
7.3991737e-06	1.1691143e-05	0.9999809
4.436399e-05	0.9999497	5.9621257e-06
1.0213542e-05	9.298454e-06	0.99998045
5.5112967e-05	0.9999324	1.25647475e-05
1.10563315e-05	0.9999788	1.015708e-05
1.5717664e-05	0.9999683	1.600506e-05
9.908201e-06	0.9999794	1.0706517e-05
1.9932038e-05	0.99997425	5.8224123e-06
1.2247955e-05	0.99997854	9.161335e-06
1.46651355e-05	0.9999778	7.4579366e-06
1.6259773e-05	0.9999752	8.562197e-06
8.773293e-06	9.816471e-06	0.9999814
0.99931955	0.00065067026	2.9805995e-05
0.6277186	0.37223983	4.1584455e-05
9.485412e-06	9.2730015e-06	0.9999813
8.309239e-06	1.0259561e-05	0.9999814
1.1040505e-05	9.283154e-06	0.99997973
1.0615107e-05	8.938936e-06	0.99998045
1.0437091e-05	9.987285e-06	0.9999796
0.00047744074	0.9995127	9.8651535e-06
0.79338306	0.20656481	5.210029e-05
9.553127e-06	0.999967	2.3529024e-05
1.328177e-05	1.32332325e-05	0.99997354
8.832843e-06	1.0307364e-05	0.9999808
1.61501e-05	0.99997354	1.0351412e-05
2.6312466e-05	0.9999453	2.8398403e-05
0.9995579	0.00041184775	3.0279936e-05
9.573739e-06	0.9999765	1.3949502e-05
1.1140128e-05	8.900779e-06	0.99998
8.129048e-06	0.9999784	1.345426e-05
8.649699e-06	9.710309e-06	0.99998164
0.9999418	1.9671157e-05	3.8465616e-05
7.7353625e-06	1.0839451e-05	0.9999814
1.1151853e-05	0.99997807	1.0723782e-05
8.376189e-05	0.0044086874	0.9955076
0.0003883078	0.9518317	0.04777998
1.1741972e-05	1.0174698e-05	0.99997807
1.4508685e-05	0.9999764	9.00778e-06
1.0897914e-05	1.0203216e-05	0.9999789
0.99992704	5.6371497e-05	1.660339e-05
9.705035e-06	0.9999763	1.4012058e-05
7.3108185e-06	1.2382913e-05	0.99998033
1.2134194e-05	0.9999796	8.215011e-06
0.9999348	3.681793e-05	2.8364788e-05
6.8216627e-06	1.2806241e-05	0.99998033
9.177827e-06	0.9999777	1.3055363e-05
8.1044045e-06	0.999974	1.7921006e-05
5.950513e-06	1.6155162e-05	0.99997795
0.99990785	2.4550247e-05	6.758195e-05
0.9999305	4.700222e-05	2.249883e-05
0.9998982	1.8660941e-05	8.311666e-05
1.0204863e-05	0.9999763	1.3469946e-05
4.1189953e-05	0.99994147	1.7235232e-05
1.3652832e-05	0.9999764	9.866052e-06
0.9998534	3.9109662e-05	0.000107481486
0.994121	1.1003427e-05	0.0058679236
7.915333e-06	0.9999726	1.9576932e-05
7.854043e-06	1.0984964e-05	0.99998116
1.0467651e-05	0.9999794	1.0092056e-05
0.99992275	1.7759568e-05	5.9445385e-05
1.2700839e-05	0.9999651	2.211855e-05
1.2261643e-05	8.987122e-06	0.9999788
1.4347445e-05	0.9999683	1.7369088e-05
1.02595895e-05	0.99998116	8.560076e-06
8.193712e-06	1.1300445e-05	0.99998045
1.1185763e-05	0.9999777	1.10586925e-05
1.4071064e-05	0.9999738	1.215096e-05
1.9233112e-05	0.99996865	1.2149704e-05
1.0753165e-05	0.9999782	1.11249365e-05
8.788359e-06	1.053192e-05	0.9999807
8.854784e-06	0.9999727	1.8452141e-05
1.1989163e-05	8.690054e-06	0.9999794
8.643642e-06	0.99996865	2.2646505e-05
1.4679391e-05	0.9999738	1.1597657e-05
1.1061274e-05	8.600262e-06	0.99998033
1.2853842e-05	2.8404067e-05	0.99995875
9.587363e-06	0.9999709	1.9572979e-05
6.1285355e-05	0.99976414	0.0001745421
9.822686e-06	0.9999782	1.1994318e-05
1.0810965e-05	0.9999726	1.6588523e-05
7.3554365e-06	1.4217783e-05	0.9999784
7.8771645e-06	1.2536339e-05	0.9999796
8.509289e-06	0.9999558	3.575626e-05
7.8526455e-06	0.9999471	4.5009027e-05
2.1177411e-05	0.99997115	7.6847255e-06
0.98954517	0.010418242	3.657307e-05
0.99991226	5.035254e-05	3.745246e-05
1.6467477e-05	1.5391006e-05	0.9999682
7.961935e-06	1.2554656e-05	0.9999795
7.911132e-06	1.2539997e-05	0.9999795
0.94644576	0.053508632	4.5556964e-05
1.3646082e-05	1.0412526e-05	0.9999759
1.37455445e-05	0.9999788	7.5629014e-06
1.771291e-05	7.4285977e-06	0.99997485
1.039274e-05	8.275526e-06	0.9999813
0.99990857	1.6346845e-05	7.5039956e-05
8.193929e-06	1.0686665e-05	0.99998116
1.0150398e-05	9.190318e-06	0.9999807
7.497517e-06	1.2477672e-05	0.99998
0.9999391	2.785132e-05	3.3042485e-05
1.2515834e-05	7.360487e-06	0.9999801
9.435307e-06	0.9999778	1.270918e-05
9.343257e-06	9.016593e-06	0.99998164
1.4794639e-05	0.999974	1.1248601e-05
0.009055503	0.990918	2.6604217e-05
0.9999243	3.825919e-05	3.7450125e-05
9.399321e-06	8.84958e-06	0.99998176
8.421647e-06	1.3916871e-05	0.9999777
0.99986994	0.00011740888	1.2617974e-05
8.297898e-06	0.999946	4.5683555e-05
0.42791653	0.56828964	0.0037937982
9.555908e-06	0.9999796	1.08063505e-05
1.1546925e-05	0.99998057	7.905794e-06
1.772551e-05	0.9999753	6.8779445e-06
6.000883e-06	2.8784769e-05	0.9999652
0.9998312	0.00014973785	1.9023348e-05
1.43507e-05	0.99997866	6.9777234e-06
9.537691e-06	0.99997973	1.0776034e-05
1.0588597e-05	1.2818877e-05	0.99997663
1.04569235e-05	0.99902606	0.0009635208
1.2139629e-05	7.671468e-06	0.9999802
1.1619756e-05	0.99912554	0.0008628024
2.6115316e-05	5.7956026e-06	0.99996805
1.2068619e-05	7.4127174e-06	0.99998057
6.4625674e-06	1.8322738e-05	0.9999752
5.6510294e-06	6.042372e-05	0.99993396
1.1965951e-05	8.8555e-06	0.99997914
1.1207067e-05	8.130524e-06	0.9999807
1.1808594e-05	7.696401e-06	0.99998045
1.0518137e-05	0.9999701	1.944609e-05
1.12601165e-05	0.9999596	2.9217665e-05
3.2025575e-05	0.9999565	1.1487598e-05
1.3416076e-05	0.9999716	1.49136695e-05
8.327199e-06	1.1174993e-05	0.99998045
6.599528e-05	0.99991953	1.445101e-05
7.0024043e-06	1.4003427e-05	0.999979
4.3365548e-05	0.7049155	0.29504114
8.154826e-06	0.9999726	1.9280165e-05
1.535789e-05	6.525421e-06	0.99997807
7.713558e-06	0.99997103	2.1201617e-05
1.281157e-05	7.626936e-06	0.9999796
2.823351e-05	0.9999441	2.7700551e-05
1.0555447e-05	0.9999795	9.884136e-06
0.98446655	0.015484383	4.909835e-05
8.030286e-06	1.1107125e-05	0.9999808
7.607663e-06	5.014354e-05	0.9999423
4.3182503e-05	0.99995077	6.0816037e-06
1.3076151e-05	0.99997604	1.0903685e-05
6.1790047e-06	1.3907271e-05	0.99998
5.499776e-05	0.97547853	0.024466498
0.9999373	2.1652522e-05	4.1012456e-05
5.380976e-06	2.421378e-05	0.99997044
1.229889e-05	7.649908e-06	0.9999801
6.6354605e-06	0.9999684	2.4933659e-05
8.007293e-06	0.99993837	5.3679258e-05
8.1878294e-05	0.99990916	8.996769e-06
1.0161142e-05	0.9999733	1.6546745e-05
0.9997652	0.00022079876	1.3998496e-05
1.34168195e-05	1.2983655e-05	0.99997365
1.10824685e-05	0.9999664	2.2499831e-05
7.0959454e-06	1.3301346e-05	0.9999796
3.130864e-05	0.99996364	4.960402e-06
6.425095e-06	1.4329497e-05	0.99997926
1.1840344e-05	7.1653044e-06	0.99998105
1.5998825e-05	0.99997544	8.621488e-06
9.341622e-06	0.9999801	1.0617666e-05
1.6908825e-05	5.7638423e-05	0.9999255
8.5259635e-06	0.9999745	1.6962016e-05
1.7404343e-05	0.9999676	1.5007002e-05
1.0498768e-05	0.99997985	9.630932e-06
1.1451264e-05	9.977279e-06	0.99997854
7.4744557e-06	1.09334105e-05	0.99998164
1.7993218e-05	0.9999747	7.2770963e-06
8.058766e-06	0.99997735	1.4517419e-05
0.9997799	0.00016721968	5.295196e-05
1.21924795e-05	0.99997556	1.2318473e-05
9.72287e-06	0.99996114	2.9028264e-05
1.1338058e-05	0.99997795	1.0735427e-05
0.99990594	6.878343e-05	2.5236412e-05
5.680418e-06	1.744367e-05	0.9999769
1.0502211e-05	0.9999672	2.2299668e-05
8.325556e-06	0.999703	0.0002886255
0.0010466019	0.99891806	3.536775e-05
1.1896004e-05	0.99997985	8.166652e-06
9.446356e-06	0.999977	1.3616822e-05
8.60432e-06	1.0465212e-05	0.9999809
8.6169475e-06	0.99997306	1.8359397e-05
8.033884e-06	0.00022307974	0.9997689
0.0026980625	0.9972933	8.698541e-06
9.149712e-06	0.9999671	2.3778402e-05
1.3617384e-05	0.9999764	9.973909e-06
0.9996039	0.00032718873	6.8892754e-05
1.8276594e-05	0.9999436	3.818524e-05
0.9999335	2.0199312e-05	4.6380927e-05
8.620744e-06	0.9999777	1.3701424e-05
9.175533e-06	9.564823e-06	0.9999813
9.484757e-06	0.99998	1.0437652e-05
1.3190045e-05	8.247902e-06	0.99997854
6.2794334e-06	0.9998976	9.6052514e-05
5.9159443e-05	0.9999342	6.637822e-06
0.011555056	0.9884163	2.8640032e-05
8.192858e-06	1.0694913e-05	0.99998116
5.2597516e-05	5.856393e-06	0.9999416
7.81104e-06	0.9999143	7.786871e-05
6.463989e-05	0.28582612	0.7141092
0.9998165	0.00015945935	2.4097226e-05
1.2257307e-05	8.811213e-06	0.9999789
8.193176e-06	1.3988193e-05	0.9999778
0.9999306	3.6572503e-05	3.274451e-05
0.9998739	4.1337018e-05	8.478902e-05
1.0182123e-05	9.003843e-06	0.9999808
6.479149e-06	1.3631452e-05	0.99997985
0.9999398	3.4565594e-05	2.5617855e-05
8.4993e-06	0.9996147	0.00037679647
1.225046e-05	7.747577e-06	0.99998
1.3829595e-05	0.9999763	9.84972e-06
0.9999343	2.2740542e-05	4.285449e-05
7.3155707e-06	1.4836391e-05	0.9999778
7.823433e-06	0.00027663136	0.9997155
1.3402878e-05	0.013896284	0.9860903
7.199875e-06	3.0043628e-05	0.9999628
9.89488e-06	0.99875975	0.0012303243
1.4948615e-05	0.99996316	2.1905687e-05
1.3468525e-05	7.843425e-06	0.99997866
1.2816112e-05	0.99997926	7.816331e-06
1.3097046e-05	0.9999782	8.726918e-06
1.0654798e-05	0.9999789	1.0497807e-05
9.631649e-06	9.49685e-06	0.9999809
6.683583e-06	0.9999151	7.824821e-05
1.3955434e-05	6.9173543e-06	0.99997914
3.508377e-05	2.6589612e-05	0.99993837
9.43472e-06	1.0092732e-05	0.99998045
9.581039e-06	9.861474e-06	0.99998057
9.940499e-06	8.283828e-06	0.99998176
8.429415e-06	1.0295915e-05	0.9999813
2.7520728e-05	0.9999572	1.5228392e-05
0.1283178	0.8707945	0.0008876319
0.9999342	2.8667067e-05	3.7216687e-05
1.5226879e-05	6.8274126e-06	0.99997795
6.471052e-06	2.0486701e-05	0.99997306
8.533745e-06	0.9999751	1.6303311e-05
1.0307945e-05	8.900057e-06	0.9999808
1.0073494e-05	8.2121e-06	0.99998176
6.8568393e-06	1.9268004e-05	0.9999739
1.2835353e-05	0.99997747	9.64122e-06
1.093639e-05	0.9999603	2.8765831e-05
1.7076876e-05	1.3519568e-05	0.99996936
1.2607739e-05	0.99997497	1.24069375e-05
1.0418039e-05	0.99996734	2.2333466e-05
9.6508265e-06	1.6463911e-05	0.9999739
8.559746e-06	1.06670905e-05	0.9999808
1.3242788e-05	7.631064e-06	0.99997914
1.4662172e-05	7.3754936e-06	0.99997795
1.4399024e-05	0.9999777	7.845856e-06
0.00013874953	0.008279184	0.9915821
1.1073836e-05	0.99997854	1.0427778e-05
0.008247506	0.99173963	1.2935553e-05
8.450841e-06	0.9999746	1.696205e-05
8.615764e-06	1.0586652e-05	0.9999808
1.5037179e-05	7.335969e-06	0.9999776
8.670686e-06	3.0715903e-05	0.99996066
1.0089694e-05	0.9999789	1.0947989e-05
2.859435e-05	0.00042921826	0.99954224
8.5948595e-06	1.0057651e-05	0.9999814
9.880617e-06	0.99998105	9.031761e-06
2.121837e-05	0.99996924	9.504377e-06
1.1520261e-05	0.99998045	8.031095e-06
1.190411e-05	0.99998	8.100026e-06
5.780532e-06	0.00034572795	0.99964845
1.1211472e-05	0.9999789	9.934414e-06
0.9999348	2.6732998e-05	3.8452767e-05
1.2430457e-05	0.99997973	7.905478e-06
1.1540591e-05	0.9999794	9.071852e-06
2.2608436e-05	0.9999676	9.731467e-06
1.7094932e-05	7.825712e-06	0.9999751
1.9851988e-05	0.9999726	7.4890722e-06
1.3052419e-05	0.99997437	1.2669057e-05
1.4696471e-05	9.262136e-06	0.99997604
0.00012768537	0.99986565	6.6164102e-06
7.3826363e-06	1.5787007e-05	0.9999769
7.416698e-05	0.999918	7.856612e-06
1.146012e-05	0.999979	9.58213e-06
1.7722341e-05	0.9999627	1.9533714e-05
0.99994814	2.5019044e-05	2.6767819e-05
7.98303e-06	1.1980955e-05	0.9999801
0.003311626	2.1391466e-05	0.99666697
0.0028080828	0.9971763	1.5556938e-05
1.8168057e-05	0.034077555	0.96590424
0.005224204	0.99476707	8.751657e-06
1.0944831e-05	7.785488e-06	0.9999813
1.1958518e-05	1.4002102e-05	0.999974
1.5842637e-05	0.99997735	6.7497463e-06
1.1867187e-05	8.47782e-06	0.9999796
1.38322985e-05	0.9999361	5.004128e-05
0.9920087	0.007675114	0.000316178
7.5125054e-06	5.2402873e-05	0.99994004
0.9999219	3.5461242e-05	4.2720367e-05
1.2621766e-05	0.9999777	9.665435e-06
1.092896e-05	0.9999789	1.01525675e-05
0.000120972974	0.99985206	2.6968533e-05
0.9975435	0.0024359769	2.0463956e-05
1.9242656e-05	7.198085e-06	0.99997354
0.023890227	0.97587913	0.00023072667
0.99088484	0.009062711	5.2493862e-05
1.3012878e-05	8.985547e-06	0.99997795
0.9999447	2.920277e-05	2.6082971e-05
6.0257908e-06	1.7987082e-05	0.99997604
5.138086e-06	4.693258e-05	0.9999479
1.4832293e-05	4.6127723e-05	0.9999391
1.0822417e-05	0.99998033	8.849357e-06
0.999946	2.2908895e-05	3.1134503e-05
1.6400598e-05	0.999969	1.4581096e-05
9.489022e-06	0.99997747	1.3011048e-05
9.103507e-06	0.99997985	1.10545925e-05
7.108398e-06	3.2868335e-05	0.99996006
9.997273e-06	0.99997973	1.0212074e-05
1.2957752e-05	0.9999783	8.70499e-06
0.9999119	5.112361e-05	3.700828e-05
1.2308828e-05	7.5452253e-06	0.9999801
1.4086873e-05	0.999977	8.9375235e-06
0.046048943	0.95393544	1.5601316e-05
1.0052703e-05	0.9999776	1.2389471e-05
8.482798e-06	1.0648369e-05	0.9999809
7.1303025e-06	0.9998963	9.654998e-05
0.99993587	3.4943336e-05	2.9232186e-05
8.747009e-06	0.99996984	2.1448668e-05
1.1438573e-05	0.00045789892	0.9995307
7.7263385e-06	1.8352499e-05	0.9999739
9.92685e-06	9.054658e-06	0.99998105
3.7527232e-05	7.906387e-06	0.9999546
9.767751e-06	0.9999727	1.7496062e-05
0.00010463792	5.2623127e-05	0.99984276
8.65352e-06	0.9999597	3.1621523e-05
1.1217221e-05	0.9999794	9.471257e-06
1.1847759e-05	0.99997187	1.6287686e-05
1.9320096e-05	0.9999691	1.1533024e-05
1.4423336e-05	0.99997294	1.26505065e-05
1.654378e-05	6.3887805e-06	0.9999771
1.6147682e-05	1.5110073e-05	0.99996877
8.578895e-06	0.999979	1.23459295e-05
7.973275e-06	1.3990105e-05	0.99997807
5.082378e-05	0.8080371	0.19191206
1.1706447e-05	8.728903e-06	0.9999796
1.1557775e-05	0.9999776	1.0823408e-05
1.484541e-05	0.9999418	4.325383e-05
0.99990654	7.6805474e-05	1.6747174e-05
1.5796044e-05	0.999977	7.0930178e-06
8.114901e-06	1.0118081e-05	0.99998176
1.0235775e-05	0.999972	1.7782288e-05
0.99989617	7.8453326e-05	2.5412659e-05
1.5154037e-05	0.9999664	1.84215e-05
2.7115808e-05	0.95217365	0.047799207
7.782737e-06	0.9999703	2.1959813e-05
1.4232503e-05	7.2044118e-06	0.99997854
1.5352942e-05	0.9999734	1.1236158e-05
1.9724057e-05	0.99997425	6.0850302e-06
5.2043873e-05	0.99994266	5.25443e-06
1.3774762e-05	0.9999745	1.1683255e-05
8.8432225e-06	8.937724e-06	0.99998224
1.2043766e-05	0.99997437	1.3620707e-05
7.5715648e-06	1.4182584e-05	0.9999783
1.0075024e-05	7.95542e-06	0.999982
4.418275e-06	5.623628e-05	0.9999393
8.106297e-06	1.23227055e-05	0.9999796
7.773287e-06	1.2509111e-05	0.99997973
1.0828998e-05	1.2320745e-05	0.9999769
8.000996e-06	0.99997354	1.850527e-05
0.00012277719	0.9998692	8.034247e-06
0.99993	5.259345e-05	1.7390485e-05
1.1902292e-05	0.9999789	9.164911e-06
0.00069555466	0.9992969	7.446706e-06
1.3944002e-05	7.3225087e-06	0.9999788
9.495723e-06	8.962993e-06	0.9999815
0.00044106305	0.9995433	1.564506e-05
1.5168012e-05	4.2746004e-05	0.99994206
1.2491807e-05	0.99997914	8.376531e-06
7.740493e-06	1.3504476e-05	0.9999788
9.329651e-06	1.0094378e-05	0.99998057
0.99911577	0.0008731479	1.1134822e-05
1.1553373e-05	0.99998	8.454813e-06
1.211762e-05	7.5219923e-06	0.99998033
0.99984086	0.0001416733	1.7348217e-05
8.505106e-06	1.1489984e-05	0.99998
1.803174e-05	0.9999752	6.846257e-06
6.2707313e-06	1.8003104e-05	0.9999757
1.2529866e-05	0.999979	8.426639e-06
9.54899e-06	0.99997926	1.114775e-05
1.0500539e-05	0.999974	1.548665e-05
1.3516534e-05	8.748028e-06	0.9999777
1.1422934e-05	0.99997914	9.432908e-06
8.705505e-06	1.5031697e-05	0.9999763
2.4359788e-05	0.047181252	0.95279443
8.517659e-06	1.0233235e-05	0.9999813
1.1317368e-05	9.056528e-06	0.9999796
1.03391985e-05	0.99998033	9.33117e-06
1.5991136e-05	0.9999753	8.679888e-06
1.5037943e-05	0.9999778	7.1981844e-06
1.7750916e-05	0.99977416	0.00020805685
3.0139065e-05	0.86268437	0.13728552
0.9999443	2.5265339e-05	3.0429785e-05
1.54918e-05	0.99997365	1.0862599e-05
0.0015768522	0.9983541	6.910398e-05
1.23446935e-05	7.670025e-06	0.99998
7.579252e-06	0.9990146	0.0009777771
1.0580679e-05	8.399169e-06	0.99998105
8.839681e-06	0.9999802	1.092189e-05
1.1612389e-05	0.0025793586	0.99740905
1.41441205e-05	0.999949	3.6887308e-05
7.848038e-06	1.3026975e-05	0.99997914
7.733797e-06	0.9999697	2.2559807e-05
0.12582581	0.87411684	5.74059e-05
1.2464121e-05	0.99997294	1.4503157e-05
0.021807808	0.49592683	0.4822654
0.0005028065	0.99948585	1.137436e-05
0.99985623	0.000115844276	2.7908409e-05
1.0485427e-05	8.04181e-06	0.9999815
2.1081827e-05	0.9896373	0.010341625
9.808673e-06	9.1264155e-06	0.99998105
1.005231e-05	0.99997663	1.3331762e-05
7.3814795e-06	0.99996805	2.452203e-05
0.9998653	0.00010929508	2.5331858e-05
1.5258875e-05	6.8083227e-06	0.99997795
1.3381473e-05	0.9999783	8.311504e-06
1.2962451e-05	0.9999728	1.42031895e-05
1.16662e-05	7.877277e-06	0.99998045
9.893055e-06	0.99998033	9.814869e-06
2.0604857e-05	0.9999628	1.6570037e-05
0.9997702	0.00020281608	2.69077e-05
1.0625815e-05	0.9999807	8.665155e-06
1.0322205e-05	0.9999784	1.1239772e-05
1.0459243e-05	0.99997985	9.650782e-06
1.1248542e-05	0.9999783	1.0436411e-05
9.247846e-06	1.1887034e-05	0.9999789
0.9997255	2.0289861e-05	0.0002542208
1.9898498e-05	0.9999695	1.0569554e-05
1.5847994e-05	6.4767933e-06	0.9999777
0.003223054	0.9870883	0.009688617
0.004053102	0.1740551	0.8218918
1.0416887e-05	0.9999788	1.0897186e-05
9.481101e-06	0.9999778	1.2578195e-05
1.036787e-05	1.0532968e-05	0.99997914
9.972594e-06	9.073701e-06	0.9999809
7.652214e-06	1.14302e-05	0.9999809
1.3308202e-05	8.71081e-06	0.99997795
1.0618192e-05	9.232699e-06	0.9999801
1.7568193e-05	0.99996984	1.2695099e-05
9.969359e-06	0.99997973	1.0257236e-05
7.740959e-06	0.99996936	2.2864442e-05
9.423411e-06	0.99997985	1.077357e-05
3.876335e-05	0.9999542	7.0480296e-06
9.542451e-06	8.527718e-06	0.9999819
0.9999347	2.0925552e-05	4.432526e-05
1.944463e-05	0.9999722	8.341254e-06
8.579694e-06	0.99996626	2.5155703e-05
0.5340786	0.46576813	0.00015330198
1.1714463e-05	8.005813e-06	0.99998033
6.7112665e-06	2.6477688e-05	0.99996686
1.3090813e-05	0.99997807	8.840927e-06
0.99103713	0.008839944	0.00012299356
1.4817334e-05	0.9999771	8.163594e-06
9.532969e-06	9.032798e-06	0.9999814
0.9999306	5.552134e-05	1.3808736e-05
8.516751e-06	0.9999788	1.2697973e-05
1.6860819e-05	0.9999738	9.438383e-06
9.6589965e-06	0.9999695	2.0817979e-05
7.1292584e-06	1.40959555e-05	0.9999788
1.0336947e-05	7.888804e-06	0.99998176
7.693356e-06	1.1721014e-05	0.99998057
0.0017519693	1.588714e-05	0.9982322
7.063186e-06	2.293281e-05	0.99996996
8.2780625e-06	8.4350446e-05	0.9999074
0.9999176	1.8863659e-05	6.351888e-05
1.8798139e-05	1.5340296e-05	0.9999659
8.325977e-06	0.9999682	2.3439401e-05
1.5193401e-05	0.9999771	7.758291e-06
1.7253857e-05	0.99997437	8.363607e-06
9.427238e-06	0.9999769	1.3708365e-05
1.9422016e-05	1.0469021e-05	0.9999701
0.4942389	0.00018883425	0.50557226
1.072501e-05	8.43249e-06	0.9999808
9.296829e-06	0.9999764	1.43628395e-05
1.7036145e-05	0.9999713	1.1624791e-05
1.6242633e-05	0.99997616	7.637865e-06
1.099195e-05	0.99997807	1.0985454e-05
8.643666e-06	1.0429354e-05	0.9999809
1.0355168e-05	8.944924e-06	0.9999807
9.5972455e-06	0.99997985	1.0436218e-05
1.3997561e-05	7.2876537e-06	0.99997866
0.99992716	1.8807648e-05	5.4046395e-05
6.5726956e-05	0.9998204	0.00011390865
4.255951e-05	6.5135555e-06	0.9999509
7.486097e-06	0.9999739	1.8580557e-05
8.526141e-06	1.9032968e-05	0.99997246
5.4579536e-06	5.7232835e-05	0.9999373
1.3835874e-05	0.99997616	1.0058405e-05
1.0563527e-05	0.99996746	2.1906808e-05
9.082993e-06	0.99997354	1.737506e-05
0.22623718	0.0007288892	0.7730339
2.0616033e-05	0.999972	7.3354945e-06
2.0962789e-05	0.99983084	0.00014819598
1.0401153e-05	0.99997604	1.3620184e-05
1.0505895e-05	1.0976139e-05	0.99997854
8.718764e-06	0.9999732	1.807192e-05
2.12263e-05	0.98824745	0.011731403
0.99994576	3.2947926e-05	2.1356567e-05
1.2130334e-05	7.8222365e-06	0.9999801
5.426849e-06	3.152759e-05	0.99996305
7.840432e-05	0.999915	6.6098755e-06
8.5550455e-06	9.716832e-06	0.99998176
1.0541319e-05	8.431632e-06	0.99998105
1.2887677e-05	0.9999783	8.817134e-06
1.535789e-05	6.525421e-06	0.99997807
1.8701412e-05	0.99983394	0.00014735802
1.3325021e-05	0.9999783	8.401405e-06
1.4073825e-05	0.99997735	8.527517e-06
4.3698543e-05	0.99995124	5.0188023e-06
2.2436261e-05	0.9999714	6.2070762e-06
0.9999136	4.3135577e-05	4.3219705e-05
0.014630797	0.56117845	0.4241908
0.9999399	3.1453463e-05	2.8649329e-05
6.751061e-05	0.0008189741	0.9991135
1.7073833e-05	8.730522e-06	0.99997425
1.3730365e-05	0.9999763	9.971035e-06
1.1599518e-05	0.99997973	8.757796e-06
1.0694199e-05	0.99998116	8.053688e-06
9.555855e-06	8.847098e-06	0.99998164
0.0029926598	0.99699414	1.3234269e-05
1.12056005e-05	9.226974e-06	0.9999796
8.465186e-06	1.7671724e-05	0.9999739
1.8500727e-05	0.999974	7.5503694e-06
8.635544e-06	9.159324e-06	0.99998224
7.3531005e-06	1.8000494e-05	0.9999746
0.9999467	2.7927868e-05	2.5420539e-05
7.680184e-06	1.1554263e-05	0.9999808
1.5338626e-05	0.9999752	9.431359e-06
8.842925e-06	1.02506765e-05	0.9999809
1.1126729e-05	0.99998105	7.870846e-06
5.9598324e-06	1.8020066e-05	0.99997604
0.9998084	0.000112029076	7.961282e-05
0.000116264026	0.99224234	0.0076413974
8.100578e-06	1.0402967e-05	0.9999815
1.3677208e-05	7.533488e-06	0.9999788
1.37475345e-05	0.9999738	1.2459663e-05
2.47546e-05	0.99996984	5.3884446e-06
0.00016076794	0.99983156	7.676109e-06
2.2731956e-05	0.9999697	7.4753507e-06
1.2475523e-05	1.0047623e-05	0.99997747
4.4442124e-05	0.9983785	0.0015770969
1.1517012e-05	0.9999807	7.711257e-06
1.3871764e-05	7.531619e-06	0.99997854
9.7489465e-06	8.626065e-06	0.99998164
8.430193e-06	9.588054e-06	0.999982
1.3121987e-05	0.9999782	8.686323e-06
1.644108e-05	0.9999757	7.811616e-06
2.2861035e-05	0.9999701	7.022592e-06
1.953619e-05	0.022192126	0.97778827
9.060311e-06	1.144037e-05	0.9999795
0.001008142	8.8968e-06	0.99898297
0.9999316	4.8965092e-05	1.9409583e-05
4.8839578e-05	0.99994564	5.4330512e-06
0.0017209561	0.9982502	2.8808665e-05
1.6618666e-05	0.9999751	8.362784e-06
1.2106304e-05	0.9999778	9.9789095e-06
9.9151575e-06	0.9999546	3.5479723e-05
1.1701823e-05	1.0776626e-05	0.99997747
8.747268e-06	0.9999776	1.3749408e-05
1.5812211e-05	8.474125e-06	0.9999757
4.957323e-06	5.4241384e-05	0.99994075
2.254678e-05	0.9999671	1.04274595e-05
0.99988055	3.2429187e-05	8.699631e-05
9.9440895e-06	1.134155e-05	0.99997866
8.988775e-06	0.9999769	1.4133296e-05
7.2507446e-06	1.2347349e-05	0.99998045
1.773196e-05	0.99997306	9.129981e-06
0.99992216	5.4726606e-05	2.313746e-05
1.0120657e-05	8.266638e-06	0.99998164
1.0711737e-05	0.9999776	1.1711213e-05
0.99990416	7.773519e-05	1.8086464e-05
9.353232e-06	0.99997485	1.5907412e-05
8.331117e-06	0.99997306	1.8631361e-05
9.984981e-06	0.9999701	1.9962603e-05
1.47194805e-05	0.99997735	7.966741e-06
0.00020549208	0.3194422	0.68035233
2.0471563e-05	0.9999702	9.318502e-06
6.0389216e-06	0.00068685727	0.99930716
0.6231065	0.37020338	0.0066901953
0.00015306847	0.9998405	6.459454e-06
7.2561797e-06	1.06001235e-05	0.9999821
1.0260869e-05	0.9999782	1.1509045e-05
1.2389199e-05	7.1462064e-06	0.99998045
0.9998847	4.550492e-05	6.9671645e-05
1.0889759e-05	8.292032e-06	0.9999808
1.3888862e-05	0.9999734	1.2674736e-05
1.3296625e-05	0.9999794	7.2234743e-06
0.016992914	0.9825263	0.0004807712
2.1019872e-05	0.99996865	1.0329804e-05
7.4989316e-06	1.2761222e-05	0.99997973
2.3455466e-05	0.99997056	5.90432e-06
8.985418e-06	1.3032415e-05	0.99997795
0.99994004	2.9855637e-05	3.0145891e-05
0.085100085	0.9148715	2.8384864e-05
1.1073629e-05	0.99998	8.898421e-06
7.0235474e-05	0.9999176	1.2216518e-05
8.373041e-06	0.00027560507	0.999716
1.4516145e-05	0.99997723	8.256312e-06
1.03353705e-05	2.0153668e-05	0.9999695
1.0767492e-05	0.99997926	1.0062993e-05
6.339063e-06	1.3739295e-05	0.99998
8.140214e-06	1.028523e-05	0.9999815
5.7100615e-06	1.7550714e-05	0.99997675
1.0326873e-05	8.274689e-06	0.9999814
1.3343247e-05	0.99996614	2.0507845e-05
1.2088622e-05	1.1668044e-05	0.9999763
9.564366e-06	1.1231777e-05	0.99997926
0.9999304	4.824559e-05	2.1289134e-05
1.275814e-05	3.3643977e-05	0.9999536
1.2552053e-05	7.3660913e-06	0.9999801
1.1269162e-05	0.9999769	1.1796259e-05
0.00043494036	0.9995561	8.968215e-06
9.049974e-06	9.495351e-06	0.9999814
1.264699e-05	8.243818e-06	0.99997914
9.870764e-06	0.9999752	1.485446e-05
3.0653897e-05	0.999959	1.03991615e-05
0.008045976	1.7042179e-05	0.99193704
8.3050645e-06	1.6832479e-05	0.99997485
2.2668626e-05	0.99996364	1.3731134e-05
1.1353413e-05	0.9999751	1.3547627e-05
8.23865e-06	0.99996424	2.751819e-05
1.0151255e-05	0.99997735	1.2488854e-05
1.3589698e-05	0.99997723	9.203207e-06
0.9998741	0.000104075094	2.1788985e-05
1.0008342e-05	8.972644e-06	0.99998105
8.522514e-06	9.543262e-06	0.9999819
1.3157729e-05	0.9999794	7.491623e-06
1.1130986e-05	9.732248e-06	0.99997914
2.4899324e-05	0.99996746	7.672424e-06
9.198366e-06	1.6989834e-05	0.9999738
7.0109327e-06	1.7433154e-05	0.99997556
0.72186273	0.2771627	0.00097450666
1.36379085e-05	0.999969	1.7403554e-05
0.00011490034	0.999876	9.034852e-06
1.0281672e-05	0.99997973	1.0045326e-05
1.04791725e-05	9.557425e-06	0.99998
8.85402e-05	0.9999039	7.4795935e-06
1.20773075e-05	3.1562875e-05	0.99995637
7.648444e-06	1.1047116e-05	0.9999813
1.5532984e-05	0.9999745	1.0037172e-05
1.0456586e-05	0.99998033	9.221051e-06
1.0316946e-05	0.99997914	1.0508006e-05
1.9771747e-05	0.99997175	8.410585e-06
0.97702014	0.022962334	1.7478724e-05
1.8177223e-05	0.99997437	7.453033e-06
9.688998e-06	0.99997807	1.2333362e-05
0.99916315	1.5536345e-05	0.0008214029
7.0631277e-06	1.604487e-05	0.9999769
1.0749689e-05	0.99997914	1.0108043e-05
1.04774845e-05	0.99998	9.582221e-06
1.3315741e-05	6.977345e-06	0.99997973
0.99993956	3.3322845e-05	2.708353e-05
8.373139e-06	1.0193867e-05	0.9999814
1.8135128e-05	0.9999752	6.717495e-06
1.35614755e-05	0.9999716	1.4725168e-05
1.1405595e-05	8.392483e-06	0.9999802
0.00012586228	5.2340733e-06	0.99986887
1.0791702e-05	0.99996686	2.2257229e-05
1.2252707e-05	8.462955e-06	0.99997926
1.24901235e-05	0.9999751	1.2383522e-05
1.194443e-05	1.0270579e-05	0.9999778
9.502212e-06	0.99996376	2.670299e-05
7.809672e-06	0.0009535311	0.9990387
1.1553658e-05	0.99997604	1.2355987e-05
4.7174388e-05	0.99994564	7.092985e-06
1.0539016e-05	0.999979	1.0482591e-05
1.19971855e-05	0.9999759	1.2041534e-05
1.16151905e-05	0.99997675	1.16269275e-05
4.034506e-05	0.3019454	0.6980143
9.38556e-06	0.99997854	1.2021509e-05
6.4538085e-06	0.0001300595	0.9998635
5.7149023e-06	2.7561517e-05	0.99996674
1.2433585e-05	0.9999747	1.2922239e-05
1.8656e-05	0.9999747	6.5159097e-06
0.9869277	0.00827403	0.00479828
9.17719e-06	9.315808e-06	0.9999815
0.00012909286	0.99986494	5.9674e-06
9.065834e-06	9.555816e-06	0.9999814
8.864104e-06	0.0007153208	0.99927586
1.531188e-05	0.9999771	7.637034e-06
1.3357643e-05	0.99997926	7.4463273e-06
1.0394169e-05	0.9999796	1.0063629e-05
9.406197e-06	9.049354e-06	0.9999815
1.0235569e-05	8.522688e-06	0.9999813
7.950611e-06	1.194857e-05	0.9999801
6.3009934e-06	1.7900933e-05	0.9999758
5.7272787e-06	1.665428e-05	0.9999776
1.061087e-05	0.99997973	9.705209e-06
1.1517815e-05	0.9999789	9.558262e-06
8.180276e-06	9.1670345e-06	0.9999826
1.2784441e-05	1.1121434e-05	0.99997604
1.1798955e-05	1.0864473e-05	0.99997735
7.6063666e-06	0.9999589	3.3437675e-05
5.450519e-06	0.00020536047	0.9997892
8.503582e-06	0.9999771	1.4402902e-05
0.99881196	0.0011608148	2.7256614e-05
1.0885032e-05	0.99997866	1.0506668e-05
9.777467e-06	0.99997795	1.2301127e-05
1.1212548e-05	0.9999776	1.115489e-05
1.0421827e-05	0.99997616	1.347065e-05
1.5906215e-05	0.99997115	1.2962356e-05
1.2352669e-05	7.442409e-06	0.9999802
1.0208064e-05	0.9999198	6.994412e-05
6.800961e-06	1.1902468e-05	0.9999813
0.99981433	0.00017078829	1.4880624e-05
1.3074067e-05	2.3328617e-05	0.99996364
1.9172669e-05	0.99997187	8.933712e-06
0.052627306	0.94732904	4.3702876e-05
1.4317786e-05	7.697144e-06	0.99997795
9.028533e-06	0.9999707	2.0253729e-05
1.1203093e-05	0.9999789	9.896948e-06
9.3841745e-06	8.979121e-06	0.99998164
1.3097318e-05	7.0811557e-06	0.99997985
8.066891e-06	1.5997535e-05	0.9999759
1.7708933e-05	6.8950667e-06	0.99997544
0.0055586905	0.9944324	8.923366e-06
8.894581e-06	1.0598589e-05	0.99998045
0.9998791	0.0001015801	1.9310584e-05
7.0610413e-06	1.3977836e-05	0.999979
2.501469e-05	0.99996483	1.011462e-05
9.55308e-06	0.9999794	1.1121704e-05
1.0755761e-05	9.168244e-06	0.9999801
0.99992716	5.3581938e-05	1.9203084e-05
7.868495e-06	1.5133214e-05	0.999977
5.1963685e-05	2.9037921e-05	0.99991894
7.1804575e-06	1.2646835e-05	0.9999802
7.2125545e-06	1.18087e-05	0.9999809
7.54326e-06	1.3481613e-05	0.999979
2.2011012e-05	5.7979873e-06	0.9999722
1.2466948e-05	9.076231e-06	0.9999784
1.046182e-05	8.395173e-06	0.99998116
2.9196412e-05	0.99996436	6.431424e-06
1.1598466e-05	9.7515485e-06	0.99997866
1.1365937e-05	0.999979	9.659604e-06
8.1851895e-06	0.9999782	1.3597566e-05
8.839855e-06	1.1257918e-05	0.99997985
9.4157385e-06	8.880811e-06	0.99998176
1.0897914e-05	1.0203216e-05	0.9999789
0.9986721	0.0013105137	1.7326798e-05
9.275171e-06	1.586484e-05	0.99997485
9.2908485e-06	0.0060997684	0.9938909
1.0192963e-05	9.276622e-06	0.99998057
9.696822e-06	0.99997365	1.6648577e-05
0.9999256	4.5497454e-05	2.8809227e-05
1.8652445e-05	0.99997306	8.399509e-06
0.68338823	0.0001360135	0.31647572
1.4661943e-05	0.9989786	0.0010067704
6.2431795e-06	1.5436744e-05	0.9999783
1.4302688e-05	0.9999777	8.036099e-06
0.9999393	2.0914616e-05	3.982201e-05
1.29688e-05	0.99997795	9.094794e-06
8.554735e-06	1.153194e-05	0.99997985
1.2062454e-05	0.99997497	1.2974847e-05
5.1585166e-06	2.4836942e-05	0.99996996
6.9813423e-06	1.5564585e-05	0.99997747
0.990575	0.0094086295	1.6421583e-05
0.75448436	0.24520059	0.00031503875
1.436053e-05	0.99997675	8.925087e-06
9.3374965e-06	0.9999752	1.5499567e-05
1.1030424e-05	0.9999807	8.260058e-06
0.014630797	0.56117845	0.4241908
1.4247529e-05	1.635559e-05	0.99996936
8.141298e-06	1.06015705e-05	0.9999813
1.3947273e-05	0.9999721	1.4006615e-05
1.4494994e-05	7.226512e-06	0.9999783
8.080445e-06	0.9999707	2.1250293e-05
6.144822e-06	4.3483873e-05	0.9999504
1.6042268e-05	0.99997675	7.2074913e-06
1.13746655e-05	0.9999809	7.734459e-06
1.987694e-05	6.6217835e-06	0.99997354
9.843664e-06	0.9999658	2.4301275e-05
6.246089e-06	0.99986434	0.00012947204
1.1096786e-05	8.433059e-06	0.99998045
9.747756e-06	1.0618642e-05	0.9999796
4.449511e-05	5.1820334e-06	0.9999503
0.99992883	5.513248e-05	1.5914311e-05
9.483752e-06	0.99997795	1.24722455e-05
1.0708776e-05	0.99997866	1.0627699e-05
1.3619018e-05	0.99997616	1.0199336e-05
7.91924e-06	0.9999547	3.739901e-05
4.1131938e-05	0.043431856	0.956527
8.536879e-06	1.0673257e-05	0.9999808
0.9999459	2.818855e-05	2.5932944e-05
0.001453001	0.9981462	0.00040084668
1.7458355e-05	0.9999752	7.3713113e-06
0.99993193	4.7953465e-05	2.0160582e-05
1.0930434e-05	1.27112835e-05	0.9999764
1.2587001e-05	0.9999777	9.6691965e-06
1.407043e-05	7.665223e-06	0.9999783
4.583768e-05	0.9999467	7.401948e-06
1.4173038e-05	0.99997544	1.033081e-05
6.9693133e-06	0.9999018	9.124878e-05
7.727216e-06	1.1727667e-05	0.99998057
3.576389e-05	0.99995637	7.862347e-06
1.0265884e-05	0.9999738	1.5947282e-05
1.5635454e-05	0.9999733	1.1035571e-05
1.3763651e-05	0.9999782	8.054118e-06
1.0490921e-05	0.9999789	1.0660816e-05
0.9913419	0.008639812	1.8321301e-05
7.6818e-06	0.9999032	8.9210225e-05
8.983916e-06	1.4227538e-05	0.99997675
0.99986076	9.999464e-05	3.9185285e-05
7.938846e-06	1.0868203e-05	0.99998116
0.99992466	1.8440083e-05	5.685896e-05
5.3445296e-05	0.9999	4.663809e-05
8.756003e-06	9.32005e-06	0.9999819
1.1937497e-05	0.9999808	7.2783414e-06
7.919324e-06	1.0381728e-05	0.99998164
1.0538192e-05	0.9999771	1.2394286e-05
1.153126e-05	1.1191008e-05	0.99997723
8.419868e-06	1.1483128e-05	0.9999801
1.4713695e-05	0.9999771	8.224892e-06
8.1293365e-06	1.510459e-05	0.99997675
1.2754652e-05	0.9999778	9.44767e-06
1.2963133e-05	0.9999796	7.429377e-06
1.1924683e-05	0.9999721	1.5952228e-05
0.0015074546	0.998478	1.4492279e-05
8.211469e-06	9.586785e-06	0.99998224
1.5166281e-05	0.9999682	1.663739e-05
1.372523e-05	0.9999789	7.3655056e-06
2.92427e-05	0.9989894	0.0009813264
1.06324715e-05	0.99997556	1.3791299e-05
6.4675546e-06	2.7083019e-05	0.9999665
9.795235e-06	0.9999778	1.2416513e-05
5.8119263e-06	4.685326e-05	0.9999473
7.132017e-06	1.2455528e-05	0.99998045
7.1704903e-06	1.1302936e-05	0.9999815
7.97743e-06	1.0896276e-05	0.99998116
9.1727825e-06	1.0900588e-05	0.99998
8.956716e-06	0.9999771	1.3893152e-05
8.570983e-05	0.8767647	0.12314958
8.960104e-06	0.9999615	2.960933e-05
8.560958e-06	1.2075662e-05	0.9999794
0.4769626	0.5227258	0.00031161733
1.0128696e-05	0.9999765	1.3320779e-05
1.1002299e-05	9.216703e-06	0.99997973
7.2840353e-06	1.3761889e-05	0.9999789
0.999826	0.00012562459	4.8352984e-05
0.99993503	2.070273e-05	4.426706e-05
0.9986945	1.3538331e-05	0.0012919522
1.1243074e-05	0.9999813	7.5046664e-06
8.986792e-06	8.89396e-06	0.9999821
5.3784256e-06	0.0004970686	0.99949753
3.4209446e-05	0.9999541	1.1680722e-05
0.99981934	0.00011419948	6.6448025e-05
7.843715e-06	1.0885476e-05	0.9999813
1.2493344e-05	0.9999753	1.2210944e-05
1.2247545e-05	0.99997556	1.2150738e-05
1.3501114e-05	6.758819e-06	0.99997973
1.6559126e-05	0.9999765	6.895469e-06
1.5574704e-05	0.999977	7.4177474e-06
1.2113016e-05	0.999977	1.0793305e-05
6.6967696e-06	1.4396226e-05	0.9999789
1.0854964e-05	0.99997914	9.983281e-06
6.5799354e-06	2.5373052e-05	0.99996805
0.0003514108	0.99964094	7.599295e-06
1.3065727e-05	8.173734e-06	0.9999788
1.8738605e-05	6.868165e-06	0.99997437
0.9999392	4.476856e-05	1.6016902e-05
6.8597624e-06	8.9030975e-05	0.99990416
0.9896672	1.3302225e-05	0.010319449
0.9964874	0.0034833618	2.9196342e-05
8.474201e-06	9.738206e-06	0.99998176
7.1905315e-06	1.2537581e-05	0.99998033
1.2924248e-05	0.9999747	1.2409384e-05
7.4706168e-06	1.1556921e-05	0.9999809
1.04246255e-05	8.179028e-06	0.9999814
1.0039483e-05	0.9999796	1.0325033e-05
7.9063875e-06	1.3554497e-05	0.99997854
1.0956102e-05	0.9999788	1.0268393e-05
6.0106027e-05	0.99992466	1.5220492e-05
1.21951025e-05	0.99998	7.88873e-06
5.483051e-06	3.0068675e-05	0.9999645
1.5848718e-05	7.2635225e-06	0.9999769
1.38728465e-05	0.99997747	8.685862e-06
1.02867525e-05	0.99997497	1.4737579e-05
1.2896411e-05	0.0061586043	0.9938285
1.9045037e-05	0.99979967	0.00018129444
1.16180045e-05	0.9999777	1.0733509e-05
1.2724883e-05	4.7870984e-05	0.99993944
1.4379442e-05	0.9999777	7.885387e-06
0.9999397	2.8402523e-05	3.1890086e-05
1.3579783e-05	0.9999769	9.545143e-06
8.842008e-06	1.0938787e-05	0.9999802
9.773252e-06	2.588544e-05	0.99996436
1.7419394e-05	0.99997365	8.91038e-06
1.37157485e-05	0.99997556	1.0670941e-05
1.006892e-05	9.218671e-06	0.9999807
1.5801264e-05	6.7278775e-06	0.99997747
1.0570461e-05	1.0375209e-05	0.999979
1.2660554e-05	0.99997914	8.206042e-06
1.43233765e-05	0.99997735	8.386971e-06
1.0194192e-05	9.84584e-06	0.99998
1.0815906e-05	0.99997747	1.1637709e-05
8.544228e-06	0.9999783	1.3078999e-05
5.786392e-06	0.9998578	0.00013631627
1.3005248e-05	0.00040193475	0.9995851
1.1284143e-05	0.99997675	1.1872384e-05
0.99994636	3.1302483e-05	2.2254566e-05
1.0094766e-05	0.99997985	1.0035446e-05
1.2074066e-05	0.9999778	1.0172329e-05
1.019678e-05	0.99997914	1.0597908e-05
1.0364252e-05	0.99997723	1.2416576e-05
0.9999294	4.6512963e-05	2.4117217e-05
8.755925e-06	1.0634959e-05	0.99998057
1.0563769e-05	8.598323e-06	0.9999808
1.2094417e-05	0.9999796	8.397426e-06
1.7526112e-05	0.99997306	9.424515e-06
8.567862e-06	0.9999796	1.1749474e-05
1.802245e-05	4.8913305e-05	0.999933
3.2112242e-05	0.99995255	1.5335383e-05
8.912357e-06	0.99997044	2.0656542e-05
1.7834069e-05	0.9999758	6.2922136e-06
0.9999298	4.4048524e-05	2.6108813e-05
0.00017089242	0.9998192	9.880534e-06
5.5047476e-06	7.65664e-05	0.99991786
8.493756e-06	9.930509e-06	0.9999815
1.719993e-05	0.9999672	1.562652e-05
1.1933555e-05	0.9999795	8.536697e-06
1.496771e-05	0.997867	0.002118053
4.1683194e-05	0.9845354	0.015422955
1.3360577e-05	8.14634e-06	0.99997854
0.9958683	0.0041073123	2.4314013e-05
1.1853875e-05	8.548812e-06	0.9999796
0.0028589617	0.99713093	1.0063723e-05
0.9998355	2.5388881e-05	0.00013915272
1.9478515e-05	0.999972	8.641627e-06
7.969838e-06	1.4119138e-05	0.99997795
1.2467782e-05	0.9999776	9.895227e-06
8.144328e-06	1.050305e-05	0.9999814
7.862776e-06	1.5505651e-05	0.99997663
1.3318586e-05	0.9999759	1.074942e-05
0.99993193	2.8872806e-05	3.9175557e-05
5.5775417e-06	2.1897646e-05	0.9999726
9.30544e-06	1.1748692e-05	0.9999789
9.084659e-06	1.1284228e-05	0.9999796
8.979591e-06	0.9999682	2.2928047e-05
8.490762e-06	1.1369093e-05	0.9999801
1.3827487e-05	0.9999621	2.4031699e-05
7.4037057e-06	2.015498e-05	0.99997246
8.781726e-06	0.9998951	9.6126314e-05
1.0352018e-05	9.084036e-06	0.99998057
1.581805e-05	6.431007e-06	0.9999777
1.3573383e-05	7.850525e-06	0.99997854
0.99992836	2.7609258e-05	4.3935146e-05
1.1877294e-05	0.9999783	9.774254e-06
6.9597018e-06	0.00013426613	0.99985874
7.377047e-06	1.2031902e-05	0.99998057
9.425032e-06	0.99997735	1.3289208e-05
6.650974e-06	0.99994135	5.203085e-05
1.2999365e-05	7.5821295e-06	0.9999794
1.3708099e-05	0.9999746	1.1735081e-05
0.9821134	0.017858233	2.8277958e-05
0.0020489707	0.99794275	8.371039e-06
1.1735057e-05	0.99997926	9.008107e-06
5.967032e-06	2.284341e-05	0.99997115
9.7419625e-06	8.15828e-06	0.9999821
3.4678786e-05	0.018237472	0.98172784
2.7549828e-05	0.99996316	9.251043e-06
7.247716e-06	3.1383035e-05	0.9999614
0.00020263686	0.999775	2.2397717e-05
1.1988078e-05	7.6248903e-06	0.99998033
9.211166e-06	1.4930737e-05	0.9999758
2.671884e-05	0.999964	9.266742e-06
7.4535965e-06	0.99995744	3.5069785e-05
9.815857e-06	0.999977	1.3260111e-05
0.25629833	0.7435927	0.000108959255
0.99994063	4.2879085e-05	1.6469363e-05
1.5754402e-05	8.242e-06	0.99997604
8.709752e-06	9.812588e-06	0.9999815
8.911701e-06	0.9999789	1.2112253e-05
8.462262e-06	0.0026397803	0.99735177
0.99993587	3.6032754e-05	2.8144108e-05
9.17719e-06	9.315808e-06	0.9999815
2.0864376e-05	0.99996984	9.257133e-06
0.99871397	1.7488428e-05	0.001268527
0.6743466	0.32261884	0.00303447
0.008032747	0.9919186	4.8607228e-05
9.441756e-06	0.9999783	1.2269018e-05
9.085472e-06	8.7033395e-06	0.99998224
6.579474e-06	1.3479067e-05	0.99998
1.086663e-05	9.744518e-06	0.9999794
1.0236561e-05	0.999979	1.0670734e-05
9.761433e-06	0.9999789	1.1294944e-05
1.0257628e-05	0.9999778	1.19012575e-05
9.8612645e-06	1.1672375e-05	0.9999784
1.5281796e-05	0.9999759	8.7841445e-06
0.00018253576	0.9998092	8.241207e-06
3.1949767e-05	0.9999583	9.806924e-06
1.09900375e-05	1.1375008e-05	0.9999776
1.2187828e-05	0.99997926	8.526443e-06
1.0241372e-05	9.100633e-06	0.9999807
6.822594e-06	0.0015516791	0.9984415
5.845965e-06	3.2329208e-05	0.99996185
0.9999387	3.5489138e-05	2.5735073e-05
0.99978906	0.0001688062	4.2171418e-05
1.4993336e-05	0.9999769	8.156914e-06
1.698752e-05	7.0886285e-06	0.9999759
8.071064e-06	9.913728e-06	0.999982
8.462831e-06	0.99997807	1.3463984e-05
1.0728425e-05	0.9999788	1.0505267e-05
6.3738144e-06	2.644151e-05	0.9999672
1.2554744e-05	0.999977	1.0454238e-05
4.5169368e-06	0.00039604766	0.9995994
5.484925e-06	3.543197e-05	0.9999591
9.769843e-06	9.403795e-06	0.9999808
