0.99994457	3.123283e-05	2.4178218e-05
1.459463e-05	0.9999707	1.4829027e-05
5.145032e-05	0.99993443	1.4044181e-05
1.5913782e-05	0.9999728	1.1288037e-05
0.9991079	0.0008177509	7.431397e-05
0.9998159	8.7155764e-05	9.698183e-05
0.99994767	2.9316288e-05	2.2974853e-05
0.0023152074	0.9965084	0.0011764171
1.4881457e-05	1.6538763e-05	0.9999685
1.50548985e-05	1.1305273e-05	0.99997365
1.427966e-05	0.99997234	1.33905205e-05
1.5262034e-05	1.0534706e-05	0.99997425
1.6810129e-05	1.2345676e-05	0.9999708
1.8144829e-05	8.775294e-06	0.99997306
0.00078904914	0.9992021	8.891947e-06
0.9961677	0.0038166181	1.5667067e-05
0.9996024	0.0003766199	2.0987058e-05
1.2016796e-05	0.9999708	1.7149037e-05
1.7561844e-05	0.99997187	1.0636135e-05
1.516075e-05	1.1459792e-05	0.9999734
2.5312862e-05	0.99996674	7.99783e-06
1.31734105e-05	0.99996984	1.6958704e-05
1.7865996e-05	1.0600203e-05	0.9999715
1.6194454e-05	1.2246339e-05	0.9999715
1.2437868e-05	1.3674388e-05	0.9999739
1.5058771e-05	1.0672861e-05	0.99997425
0.9999294	5.0627e-05	1.9944722e-05
1.5921023e-05	0.9999738	1.03015045e-05
1.4483015e-05	1.1870772e-05	0.99997365
1.37943325e-05	1.1981775e-05	0.99997425
1.776953e-05	0.9999676	1.4676277e-05
1.2579793e-05	1.6173832e-05	0.9999713
1.1170312e-05	0.99995065	3.8144637e-05
9.994117e-06	0.00035466874	0.99963534
0.00015942987	0.9998271	1.3513724e-05
1.7376646e-05	1.0385245e-05	0.9999722
0.49194568	0.5033274	0.00472693
2.364709e-05	0.9999683	8.101322e-06
2.690293e-05	5.8020447e-05	0.9999151
1.1077804e-05	1.6452963e-05	0.99997246
1.4770161e-05	0.999967	1.825394e-05
5.1196297e-05	0.9881832	0.011765623
1.6043894e-05	1.08094555e-05	0.9999732
1.307544e-05	0.0007791688	0.9992078
0.9999356	3.8612172e-05	2.5707912e-05
3.6754318e-05	0.99995446	8.774647e-06
1.5852811e-05	0.9999641	2.0048394e-05
0.00016088094	0.99804986	0.0017892639
1.3290008e-05	1.5972682e-05	0.9999708
1.7996586e-05	1.0829647e-05	0.99997115
3.541123e-05	0.99995637	8.243206e-06
1.11250265e-05	1.5944623e-05	0.99997294
1.1822994e-05	2.3126253e-05	0.9999651
1.3148799e-05	0.99985063	0.0001362342
2.1150796e-05	0.9999628	1.609614e-05
1.8563238e-05	0.99997115	1.0291639e-05
6.899556e-05	0.999923	8.036717e-06
1.34273305e-05	1.183695e-05	0.9999747
0.41216692	0.5876421	0.00019101435
1.649152e-05	1.0715324e-05	0.9999728
0.0013817851	0.99856734	5.0823484e-05
8.565161e-06	0.9999628	2.8653809e-05
0.18555893	0.81441694	2.4081577e-05
1.8591896e-05	0.99997175	9.673216e-06
1.6169572e-05	0.999974	9.824997e-06
1.6112359e-05	0.9999714	1.2529221e-05
1.6158092e-05	0.99997425	9.565813e-06
2.0668458e-05	0.9999664	1.3048905e-05
1.5680618e-05	1.1655723e-05	0.9999727
0.99992764	4.0204548e-05	3.2227686e-05
0.9999187	5.8256635e-05	2.3003546e-05
1.3392023e-05	1.8401533e-05	0.9999682
1.5600477e-05	1.0529047e-05	0.9999739
1.4405353e-05	2.5267092e-05	0.9999603
1.6365218e-05	1.0396306e-05	0.9999733
1.5351832e-05	1.1902411e-05	0.9999727
2.8810726e-05	0.9999634	7.750198e-06
0.99993443	4.802883e-05	1.755541e-05
1.014839e-05	0.999964	2.5872348e-05
1.2657336e-05	1.4414054e-05	0.99997294
1.423526e-05	1.2781854e-05	0.99997294
1.8801871e-05	0.9999728	8.367694e-06
8.85942e-05	0.99989855	1.2886686e-05
0.9103967	0.08318549	0.0064177853
2.0201182e-05	0.99996877	1.1034837e-05
1.6227403e-05	1.0275511e-05	0.99997354
1.4608171e-05	0.99997306	1.2275028e-05
1.246913e-05	1.6307025e-05	0.9999713
0.9999374	2.2093653e-05	4.051343e-05
9.785832e-06	1.9127123e-05	0.99997103
1.689493e-05	0.9999503	3.278118e-05
1.5440795e-05	1.3701723e-05	0.9999709
0.00031619714	0.9996656	1.8241375e-05
1.9296918e-05	9.4603565e-06	0.9999713
1.5978923e-05	0.9999685	1.5462303e-05
0.001323398	2.2941314e-05	0.99865365
0.00056754507	0.9982481	0.0011844566
1.2188429e-05	0.9998616	0.00012625048
1.6749851e-05	1.2129984e-05	0.99997115
1.5346397e-05	0.99997437	1.0274059e-05
0.9997775	3.5355803e-05	0.0001871635
1.6168653e-05	1.0425685e-05	0.9999734
1.751364e-05	0.9999716	1.0862607e-05
1.7843931e-05	0.999967	1.5154293e-05
1.4706441e-05	1.300984e-05	0.9999722
0.99989986	8.14638e-05	1.872056e-05
0.9999138	5.9618924e-05	2.6549556e-05
0.9999417	2.3878947e-05	3.4432607e-05
2.4607825e-05	0.9999616	1.3844768e-05
1.2998333e-05	0.99997246	1.4520824e-05
1.5864907e-05	0.99997056	1.3639503e-05
0.99917763	1.6255904e-05	0.0008060932
0.99949837	1.3176371e-05	0.000488417
1.855792e-05	0.9999708	1.0607364e-05
1.584796e-05	1.1415792e-05	0.9999727
1.4529554e-05	0.9999746	1.084586e-05
0.99994445	2.442308e-05	3.1131363e-05
6.563585e-05	0.9999286	5.7003094e-06
1.65815e-05	1.1838607e-05	0.9999716
4.7778125e-05	0.0011135653	0.9988387
1.2930017e-05	0.99997187	1.5223475e-05
1.5706444e-05	1.1048904e-05	0.9999733
1.569435e-05	0.99997544	8.786579e-06
5.394677e-05	0.9999256	2.0408139e-05
2.0492585e-05	0.9999703	9.125446e-06
2.0467016e-05	0.9999664	1.31441e-05
2.1569256e-05	7.892312e-06	0.99997056
1.7663693e-05	0.99996567	1.6746422e-05
1.316696e-05	1.2836153e-05	0.999974
2.159035e-05	0.99996674	1.1717945e-05
1.4731267e-05	0.99996996	1.5293863e-05
1.2442438e-05	1.6279246e-05	0.9999713
3.318714e-05	6.6175664e-05	0.9999006
1.9842295e-05	0.9999591	2.1154287e-05
4.0345672e-05	0.0056763603	0.99428326
2.2805565e-05	0.99996865	8.58546e-06
1.4122377e-05	0.99987733	0.000108552624
9.287554e-06	3.0172481e-05	0.99996054
1.7652554e-05	2.8603396e-05	0.99995375
1.5641855e-05	0.9999677	1.6720747e-05
1.2526604e-05	0.9999361	5.132847e-05
0.00026077192	0.99972266	1.6566153e-05
0.0007138575	0.99924785	3.824064e-05
0.0021285776	0.9978551	1.6272954e-05
6.122546e-05	7.87465e-05	0.99986005
1.1841496e-05	1.4748299e-05	0.9999734
1.2354226e-05	0.00013503926	0.99985254
0.9961599	0.0038216107	1.8430672e-05
1.9345815e-05	8.80543e-06	0.99997187
5.3168766e-05	0.99993956	7.321614e-06
1.6266824e-05	0.00014916254	0.99983454
1.9047651e-05	8.811699e-06	0.9999721
0.9998828	2.0265783e-05	9.686242e-05
1.4073843e-05	1.1125674e-05	0.99997485
1.4941652e-05	1.0960169e-05	0.99997413
1.6722091e-05	9.609432e-06	0.99997365
0.9999447	2.4586227e-05	3.071837e-05
1.6447126e-05	9.238918e-06	0.99997437
1.24924e-05	0.99997425	1.3210092e-05
1.4251396e-05	1.1939314e-05	0.9999738
2.2445396e-05	0.99996746	1.0119394e-05
1.7123997e-05	1.2152985e-05	0.9999707
0.9998386	1.5324043e-05	0.00014602314
1.7470678e-05	1.3994869e-05	0.9999685
1.29425825e-05	1.281271e-05	0.99997425
0.0093106255	0.99065924	3.0129491e-05
9.785207e-06	0.9999491	4.108254e-05
0.0036184208	0.9963658	1.5841808e-05
1.5348493e-05	0.9999726	1.1990626e-05
2.2599128e-05	0.9999697	7.57028e-06
2.3458426e-05	0.999967	9.480899e-06
1.594923e-05	1.2065604e-05	0.999972
0.9991067	0.0008729081	2.0345564e-05
3.376183e-05	0.99996006	6.1458186e-06
1.5724696e-05	0.9999732	1.1076543e-05
1.561854e-05	1.1252593e-05	0.9999732
2.9684803e-05	0.9999542	1.6064612e-05
1.6220618e-05	9.63661e-06	0.99997413
2.2538785e-05	0.99982893	0.0001484632
6.5950684e-05	6.7857836e-06	0.9999273
2.1732098e-05	8.00416e-06	0.9999703
1.2432322e-05	1.3295175e-05	0.99997425
1.30487615e-05	1.9172901e-05	0.9999678
1.31546485e-05	1.2717924e-05	0.99997413
1.6478289e-05	9.392842e-06	0.99997413
1.4614699e-05	1.1047651e-05	0.99997437
2.4800393e-05	0.999966	9.146832e-06
1.2351652e-05	0.99995506	3.2592332e-05
1.5655845e-05	0.999969	1.5436954e-05
1.994485e-05	0.9999702	9.947496e-06
2.1864053e-05	0.00017132143	0.9998068
2.924302e-05	0.9999411	2.9682717e-05
1.38595415e-05	1.2695217e-05	0.9999734
1.0952485e-05	0.99989843	9.060238e-05
1.8786379e-05	0.99996865	1.2558279e-05
2.498304e-05	7.900765e-06	0.9999671
1.3773595e-05	0.9999727	1.3487713e-05
1.5579868e-05	1.15763405e-05	0.9999728
1.2814859e-05	0.99995494	3.2223805e-05
2.2854048e-05	0.9999658	1.1336192e-05
0.9998555	5.1951123e-05	9.254526e-05
1.3157448e-05	1.451134e-05	0.99997234
1.363404e-05	4.4594097e-05	0.9999418
4.0966643e-05	0.99995255	6.4722835e-06
2.6899443e-05	0.9999629	1.00875895e-05
1.3294405e-05	1.4170687e-05	0.9999726
6.2638406e-05	0.8212741	0.17866325
0.99994564	2.8907063e-05	2.534808e-05
1.2231725e-05	1.43376565e-05	0.9999734
1.4187948e-05	1.3681395e-05	0.9999721
1.0243196e-05	0.99990606	8.362873e-05
1.7748558e-05	0.99997115	1.1084658e-05
0.035186514	0.96471757	9.596393e-05
1.3356016e-05	0.9999528	3.380524e-05
0.9999409	2.8632803e-05	3.054677e-05
1.6177451e-05	1.179167e-05	0.999972
2.6373838e-05	0.9999528	2.0813064e-05
1.0134094e-05	2.80518e-05	0.99996185
2.351824e-05	0.9999672	9.253268e-06
1.02996955e-05	1.9807796e-05	0.99996984
1.45128215e-05	1.301019e-05	0.99997246
1.974685e-05	0.99996674	1.3446085e-05
1.2630043e-05	0.9999753	1.2057569e-05
2.6929627e-05	1.675895e-05	0.99995625
1.4034702e-05	0.9999697	1.6196556e-05
1.7454246e-05	0.9999678	1.47237915e-05
2.442144e-05	0.999966	9.47872e-06
1.1336523e-05	1.7409388e-05	0.9999713
1.5258177e-05	1.2381268e-05	0.99997234
1.6606538e-05	0.99997365	9.81618e-06
1.1460774e-05	0.9999695	1.909693e-05
1.2697952e-05	0.9999676	1.9624706e-05
1.496986e-05	0.9999701	1.4884105e-05
2.6965234e-05	0.99996245	1.05704685e-05
2.099503e-05	0.99996686	1.2193932e-05
0.004393728	0.9955837	2.2568172e-05
1.3842501e-05	1.369021e-05	0.99997246
1.5973355e-05	0.99996996	1.4067253e-05
2.1985168e-05	0.041344933	0.95863307
0.9999223	4.770468e-05	3.0073514e-05
1.9576231e-05	0.99996936	1.1085695e-05
1.647896e-05	0.99997294	1.0614167e-05
3.361895e-05	0.033101115	0.96686524
1.4072576e-05	0.9999287	5.7162848e-05
1.8431208e-05	1.2783933e-05	0.99996877
8.183655e-05	0.9999095	8.616835e-06
1.0727873e-05	0.9999608	2.8468017e-05
1.5212934e-05	0.9999716	1.3095148e-05
0.9998982	6.5615146e-05	3.6278863e-05
2.0097861e-05	0.9997944	0.00018541125
0.9999441	2.5934904e-05	2.9914841e-05
1.4471225e-05	0.99997175	1.3837053e-05
1.6389544e-05	9.864436e-06	0.9999738
1.5954347e-05	0.9999714	1.2627994e-05
1.8624252e-05	9.404447e-06	0.999972
1.2002325e-05	0.9992638	0.0007241141
3.8530092e-05	0.99994946	1.2027341e-05
0.00047235185	0.99951994	7.786551e-06
2.3161527e-05	7.87718e-06	0.999969
1.5437427e-05	1.0716693e-05	0.9999739
1.4689935e-05	0.9996896	0.00029581515
4.4006913e-05	0.9977198	0.0022360983
0.9959109	0.0040685562	2.0589405e-05
1.7737131e-05	1.03688035e-05	0.99997187
3.0507697e-05	3.6242473e-05	0.99993324
0.9999448	2.8199785e-05	2.6939722e-05
0.9999428	2.8131717e-05	2.9130171e-05
1.539697e-05	1.1304558e-05	0.9999733
1.3733747e-05	1.157069e-05	0.9999747
0.9999435	3.4613684e-05	2.1951413e-05
1.6291158e-05	3.516109e-05	0.9999485
1.6486358e-05	9.9620165e-06	0.99997354
3.2051037e-05	0.9999597	8.172355e-06
0.9999436	2.8572189e-05	2.7730615e-05
1.5985292e-05	1.1900758e-05	0.9999721
4.9221177e-05	0.9962106	0.0037402418
4.755709e-05	0.9155364	0.084415995
2.7529719e-05	0.01914057	0.9808319
1.4354968e-05	0.9999689	1.6814618e-05
0.00074181164	0.9992449	1.328435e-05
1.6028709e-05	1.0674857e-05	0.9999733
3.0598567e-05	0.99996245	6.854917e-06
2.318653e-05	0.9999665	1.026442e-05
2.015697e-05	0.9999492	3.0683346e-05
1.3267954e-05	1.2651318e-05	0.99997413
3.9518676e-05	0.056284424	0.94367605
1.5648233e-05	1.0465597e-05	0.9999739
1.8227038e-05	0.005568096	0.9944137
1.7813018e-05	1.0568106e-05	0.9999716
1.5021598e-05	1.0410745e-05	0.9999746
1.7343982e-05	9.330055e-06	0.9999733
1.3915809e-05	1.2244827e-05	0.9999739
2.8493158e-05	0.9999585	1.2982765e-05
0.9992493	0.0005387834	0.00021186913
0.9999379	2.5761865e-05	3.635161e-05
1.3202386e-05	1.1515665e-05	0.9999753
1.3949437e-05	0.00014866663	0.9998374
1.523115e-05	0.9999647	2.0073356e-05
1.2401078e-05	1.5762002e-05	0.99997187
1.4829017e-05	1.1383017e-05	0.9999738
1.2609157e-05	1.9067025e-05	0.9999683
1.4917124e-05	0.9999639	2.1176933e-05
1.3400259e-05	0.99995255	3.4035686e-05
5.393539e-05	8.118152e-06	0.9999379
0.00023160334	0.99972624	4.22384e-05
1.7669008e-05	0.99996793	1.4480392e-05
1.1720235e-05	1.6851422e-05	0.9999714
1.52858e-05	1.1064565e-05	0.99997365
1.937878e-05	9.446156e-06	0.99997115
1.5918902e-05	1.105415e-05	0.99997306
1.4804352e-05	0.9999703	1.4947039e-05
2.1995582e-05	0.00015397191	0.9998241
1.5120953e-05	0.99997234	1.2550424e-05
2.7908243e-05	0.99996376	8.370012e-06
1.1855631e-05	0.9999676	2.056622e-05
1.4228223e-05	1.1386085e-05	0.99997437
1.2274794e-05	1.6579928e-05	0.99997115
2.4475728e-05	5.201563e-05	0.99992347
1.3926458e-05	0.9999683	1.770207e-05
0.015051846	0.060545973	0.9244022
1.28064175e-05	1.2235233e-05	0.99997497
1.6682152e-05	0.99997413	9.123532e-06
3.2854045e-05	0.99995816	8.977788e-06
2.356709e-05	0.99996793	8.4264e-06
2.277622e-05	0.9999685	8.701503e-06
1.0968193e-05	0.0003062321	0.9996828
1.5366963e-05	0.99995935	2.5310479e-05
0.9999417	3.0068248e-05	2.8305858e-05
1.30465405e-05	0.99997604	1.09143475e-05
1.2496198e-05	0.9999683	1.9168689e-05
1.8841261e-05	0.99996567	1.5533722e-05
5.472441e-05	6.994737e-06	0.99993825
4.7188005e-05	0.9999434	9.366836e-06
3.113651e-05	0.9999467	2.215515e-05
1.5811172e-05	1.0298717e-05	0.9999739
0.009190708	0.9907727	3.6581234e-05
1.756242e-05	9.244592e-06	0.9999732
0.0018331328	0.9981577	9.131894e-06
2.0612662e-05	0.99997056	8.874616e-06
2.634244e-05	0.99995375	1.9902323e-05
0.99993956	3.671506e-05	2.3705024e-05
1.474401e-05	1.0867031e-05	0.99997437
2.0116264e-05	9.338789e-06	0.99997056
0.031651102	0.9683194	2.9604114e-05
5.6165478e-05	0.99052775	0.009416031
0.9998839	9.7111704e-05	1.8923218e-05
1.4807312e-05	1.0486337e-05	0.9999747
1.2713227e-05	1.4343298e-05	0.99997294
1.2913025e-05	0.9999739	1.31837705e-05
1.7404771e-05	9.548831e-06	0.99997306
0.00011614484	0.9998696	1.4345345e-05
0.18176976	0.81734955	0.0008807042
6.944102e-05	0.11655594	0.8833747
0.99853396	0.0013882613	7.767355e-05
0.0002534791	0.9997191	2.7373157e-05
1.5876984e-05	0.9999752	8.90246e-06
0.9969343	0.003044856	2.0806694e-05
0.21612117	0.7836086	0.0002702122
1.2910512e-05	1.2396184e-05	0.9999747
0.9999094	3.0699477e-05	5.981839e-05
0.9999367	4.2616943e-05	2.0666881e-05
1.4237399e-05	1.233594e-05	0.9999734
0.9999471	2.5294821e-05	2.7645581e-05
1.017046e-05	2.0359908e-05	0.9999695
1.4282062e-05	1.2072288e-05	0.99997365
1.1884379e-05	3.4396297e-05	0.99995375
2.6496897e-05	0.9999664	7.1846875e-06
0.9999471	2.473447e-05	2.8215345e-05
1.3042821e-05	0.9999664	2.0567688e-05
1.5431777e-05	0.99997497	9.693247e-06
1.3466827e-05	0.99997365	1.284363e-05
1.2743068e-05	1.301581e-05	0.99997425
2.1753058e-05	0.99997115	7.204269e-06
2.5682713e-05	0.99996686	7.5383073e-06
0.9999261	5.850047e-05	1.5366175e-05
1.9978608e-05	8.6805585e-06	0.9999714
1.4250903e-05	0.9999745	1.119231e-05
3.6927126e-05	0.99995685	6.2095387e-06
1.2800831e-05	0.99997175	1.5493779e-05
1.1883674e-05	0.00017753993	0.99981064
1.2697257e-05	0.9999424	4.485999e-05
0.9999316	4.7896683e-05	2.0554658e-05
2.8445333e-05	0.99977785	0.0001937205
2.0495194e-05	1.7263159e-05	0.9999622
1.0028266e-05	0.999926	6.398463e-05
1.7634457e-05	9.028333e-06	0.9999733
1.9040957e-05	1.2202715e-05	0.99996877
1.5413892e-05	0.99996555	1.9092973e-05
0.99944323	0.00043127916	0.0001254969
7.616504e-05	0.07434454	0.92557925
1.0010143e-05	0.9999664	2.3551145e-05
6.539202e-05	0.9999242	1.0379974e-05
0.00036690274	0.9996263	6.773301e-06
2.2085724e-05	0.99997056	7.439938e-06
1.7372542e-05	9.888339e-06	0.9999727
2.2291108e-05	1.1915287e-05	0.9999658
1.6729286e-05	0.9999727	1.0581085e-05
9.634573e-06	0.00015123762	0.99983907
9.865297e-06	3.2115546e-05	0.99995804
2.1892622e-05	2.0448908e-05	0.9999577
5.4191365e-05	0.99993753	8.24552e-06
2.3268312e-05	0.99995494	2.1814449e-05
0.9999124	7.076551e-05	1.6837304e-05
1.6140539e-05	0.9999707	1.31860415e-05
1.577921e-05	1.03658585e-05	0.9999739
1.39096e-05	0.9999186	6.743344e-05
0.0005145063	0.999388	9.741854e-05
4.3547243e-05	0.9999474	9.101719e-06
1.09237435e-05	0.9998666	0.00012240052
3.0477426e-05	0.99995136	1.8092269e-05
2.0084839e-05	8.804626e-06	0.99997115
1.9426196e-05	0.99996495	1.5584816e-05
2.6901358e-05	0.99996555	7.545468e-06
1.9488101e-05	0.99996996	1.0644008e-05
2.7466607e-05	0.9999629	9.647039e-06
1.5158436e-05	1.4255455e-05	0.99997056
1.812718e-05	0.9999708	1.10632045e-05
1.455597e-05	1.594095e-05	0.9999695
1.452515e-05	1.0692702e-05	0.9999747
8.2803845e-06	0.00010528764	0.9998864
1.1014824e-05	1.7816543e-05	0.99997115
1.5757007e-05	1.2579186e-05	0.9999716
5.2339252e-05	0.21613652	0.78381115
1.6295293e-05	0.99989223	9.143389e-05
0.012324905	0.9876366	3.851827e-05
0.9999205	4.8940365e-05	3.0542647e-05
1.9385603e-05	0.9999666	1.3980436e-05
5.0225648e-05	0.999943	6.7737346e-06
1.7949656e-05	1.0813765e-05	0.9999713
1.8123543e-05	9.486811e-06	0.99997234
2.6521668e-05	0.99996424	9.274869e-06
0.035805147	0.27894598	0.6852489
1.2748925e-05	0.999956	3.1270207e-05
1.3871915e-05	1.8723613e-05	0.99996746
1.6252978e-05	4.8153313e-05	0.9999356
0.9999418	2.3342705e-05	3.4757915e-05
1.9746167e-05	0.99997115	9.1002075e-06
1.7426284e-05	9.172766e-06	0.9999734
0.1855143	0.81441426	7.140681e-05
1.662776e-05	1.0602501e-05	0.9999728
1.9165107e-05	0.9999713	9.591472e-06
9.588374e-06	5.0461425e-05	0.9999399
1.8365376e-05	0.99996483	1.6821272e-05
2.1339807e-05	0.9999703	8.400072e-06
3.7670427e-05	0.99995315	9.17202e-06
2.240144e-05	1.7308164e-05	0.9999603
1.9113868e-05	0.9999701	1.0845109e-05
1.3400533e-05	1.2594928e-05	0.999974
1.1077098e-05	0.9999641	2.4815108e-05
1.3503033e-05	1.4426751e-05	0.9999721
1.6370614e-05	1.4409604e-05	0.99996924
1.7308732e-05	0.99997306	9.626881e-06
1.654543e-05	0.9999739	9.582456e-06
1.7796365e-05	0.9999727	9.566055e-06
1.6244012e-05	0.99995995	2.381084e-05
1.963847e-05	0.998248	0.0017324471
0.99984527	0.00013044768	2.4293387e-05
9.319265e-06	0.99993765	5.304534e-05
0.9992581	0.0007097883	3.2102584e-05
1.7929371e-05	9.558301e-06	0.99997246
1.4587717e-05	1.9222613e-05	0.99996614
1.7514323e-05	8.954232e-06	0.99997354
9.3661e-06	0.9999058	8.471671e-05
1.299082e-05	6.624778e-05	0.9999207
1.9572422e-05	0.9999597	2.0779056e-05
1.4005434e-05	1.2305557e-05	0.99997365
0.00010130187	0.77936554	0.22053324
5.6182882e-05	0.99993634	7.558334e-06
1.881241e-05	0.99996865	1.2495761e-05
0.022203423	0.43992016	0.53787637
5.8286478e-05	0.9999206	2.1064836e-05
0.99956554	0.00041878753	1.5571028e-05
1.5295453e-05	1.28176425e-05	0.99997187
1.4569697e-05	0.9997019	0.00028352544
1.4959014e-05	1.3094417e-05	0.999972
1.45775075e-05	0.9999689	1.6623731e-05
7.565481e-05	0.9999131	1.11912395e-05
0.71461123	0.28155655	0.003832238
1.679529e-05	9.653336e-06	0.99997354
1.8061717e-05	0.999974	7.903751e-06
1.2771364e-05	0.99996924	1.7975059e-05
1.7948454e-05	9.158671e-06	0.99997294
1.328747e-05	0.9999753	1.1467456e-05
0.9999113	2.0604915e-05	6.8106136e-05
0.9993057	0.0006013832	9.2966795e-05
1.510667e-05	0.9999752	9.681517e-06
1.9149034e-05	0.99997056	1.0205321e-05
1.2124205e-05	0.99997425	1.3566608e-05
2.3357912e-05	0.9999684	8.230029e-06
2.0684633e-05	1.073855e-05	0.9999685
0.96645266	6.838929e-05	0.033478957
2.9686627e-05	0.99995935	1.1002778e-05
1.5718288e-05	1.045894e-05	0.9999738
0.09819443	0.8989612	0.0028443343
1.2765721e-05	4.5029672e-05	0.9999422
1.30148255e-05	0.9999759	1.1059453e-05
1.6399526e-05	0.9999714	1.2182433e-05
1.9124614e-05	9.347334e-06	0.9999715
1.5152266e-05	2.0845717e-05	0.999964
1.6429698e-05	1.0810791e-05	0.9999727
2.0150177e-05	1.00099005e-05	0.99996984
1.046375e-05	2.5277457e-05	0.99996424
1.0585617e-05	0.9999651	2.4362469e-05
1.8342904e-05	0.99997175	9.869177e-06
1.3106899e-05	0.9999654	2.1400803e-05
1.3356393e-05	0.9999733	1.3345315e-05
0.9831607	0.016799657	3.9725586e-05
1.4132203e-05	1.1803688e-05	0.999974
0.9999473	2.8918636e-05	2.3744646e-05
2.8499415e-05	0.99995494	1.6569038e-05
2.2029679e-05	0.9999616	1.6330383e-05
0.9993337	0.00065294903	1.3379481e-05
2.5361987e-05	7.883896e-06	0.99996674
1.5877278e-05	1.9865154e-05	0.99996424
1.5206674e-05	0.9999758	8.911079e-06
0.9998565	0.00013089016	1.2583435e-05
1.3256919e-05	0.9999709	1.580781e-05
2.976949e-05	9.152528e-06	0.999961
0.9998204	0.00016055944	1.9068368e-05
1.539989e-05	0.99997497	9.693877e-06
0.00025936807	0.999729	1.1724123e-05
1.5648702e-05	0.9999714	1.2987043e-05
1.6423359e-05	1.144153e-05	0.9999721
1.45580325e-05	1.1514693e-05	0.9999739
1.324945e-05	1.3915821e-05	0.9999728
5.6310015e-05	6.290748e-06	0.9999374
9.263165e-06	4.843763e-05	0.9999423
3.0143668e-05	0.9997595	0.00021039389
0.99884194	1.6126993e-05	0.001142034
0.9988549	2.6518406e-05	0.0011186104
1.4458195e-05	0.9999541	3.152625e-05
2.1351072e-05	0.99996877	9.927031e-06
3.0289095e-05	0.99996126	8.496945e-06
1.3798595e-05	0.99997413	1.2048439e-05
1.7834476e-05	1.0168506e-05	0.999972
2.1018552e-05	9.141783e-06	0.99996984
2.0101594e-05	8.412484e-06	0.9999715
1.7481996e-05	0.9999685	1.3906103e-05
6.0886832e-05	0.9999263	1.2805867e-05
1.5630614e-05	0.9999707	1.3727629e-05
2.3915498e-05	0.9999616	1.4399259e-05
1.5397822e-05	1.0328266e-05	0.99997425
1.4553063e-05	1.0717377e-05	0.9999747
1.946833e-05	0.9999715	9.052456e-06
1.6781638e-05	1.0209942e-05	0.99997306
0.9999422	2.2276981e-05	3.5578392e-05
1.7753497e-05	0.0001456054	0.99983656
1.7672251e-05	1.0051307e-05	0.9999722
2.466977e-05	0.99996567	9.691891e-06
1.2360434e-05	2.9455485e-05	0.99995816
7.836004e-06	4.6433368e-05	0.99994576
0.00015252724	0.9998337	1.3674273e-05
1.3585068e-05	0.99996364	2.2735157e-05
2.1763328e-05	0.99996245	1.577337e-05
1.6109909e-05	1.9610383e-05	0.99996424
3.105658e-05	0.99996173	7.124739e-06
2.6624191e-05	0.99996674	6.720834e-06
1.1485815e-05	0.9999728	1.5788764e-05
1.2998575e-05	1.6000678e-05	0.99997103
1.5406316e-05	2.2530074e-05	0.9999621
2.1144135e-05	0.9998443	0.00013451038
0.99991477	1.9247069e-05	6.604496e-05
1.7491451e-05	9.17329e-06	0.9999733
1.5301728e-05	1.1598312e-05	0.99997306
5.952453e-05	0.99993336	7.14202e-06
1.6882721e-05	1.00755105e-05	0.99997306
1.4762194e-05	1.23225645e-05	0.99997294
1.875301e-05	0.99997044	1.0869777e-05
2.498304e-05	7.900765e-06	0.9999671
1.2557205e-05	0.9999709	1.66273e-05
1.3674379e-05	0.99996936	1.6966831e-05
1.7695867e-05	0.9999726	9.810563e-06
2.1500784e-05	0.9999696	8.956691e-06
1.773924e-05	0.9999715	1.0682281e-05
0.99994254	3.735372e-05	2.0092195e-05
0.009910031	0.55741346	0.43267643
0.99989986	3.7099497e-05	6.3027415e-05
1.747526e-05	1.0238298e-05	0.99997234
1.3272015e-05	1.2734294e-05	0.999974
0.006720925	0.9932439	3.5173725e-05
1.7898012e-05	0.999972	1.0120201e-05
1.4395976e-05	0.9999758	9.7546645e-06
1.784436e-05	1.1134908e-05	0.99997103
0.00011969231	0.9998733	7.0744354e-06
1.4862051e-05	1.3087264e-05	0.9999721
1.2026126e-05	1.5479598e-05	0.99997246
1.6472024e-05	0.99997246	1.1045227e-05
1.4168582e-05	1.2065637e-05	0.9999738
8.6564905e-06	5.646895e-05	0.9999349
0.9999467	2.6261263e-05	2.7069702e-05
1.3754538e-05	1.1345714e-05	0.99997485
5.052727e-05	0.99994123	8.280002e-06
2.095704e-05	8.528125e-06	0.99997056
1.1316875e-05	0.9999752	1.3457693e-05
1.3593314e-05	1.1990842e-05	0.99997437
0.99994063	2.51523e-05	3.416914e-05
2.0689075e-05	0.000114585084	0.9998647
1.7351425e-05	9.318814e-06	0.9999733
2.0241383e-05	9.389582e-06	0.9999703
2.2589615e-05	0.9999683	9.015347e-06
2.3166724e-05	0.99996924	7.601732e-06
0.9997693	0.0001585986	7.205031e-05
2.399637e-05	0.9999653	1.0712402e-05
1.675285e-05	9.484924e-06	0.9999738
1.3374649e-05	1.2936466e-05	0.99997365
2.0605661e-05	0.9999703	9.117721e-06
1.4551841e-05	1.5429227e-05	0.99996996
1.553503e-05	1.180527e-05	0.9999727
1.3900692e-05	1.0978005e-05	0.9999751
2.5116955e-05	0.999961	1.3846119e-05
2.0943153e-05	0.9999714	7.6714e-06
1.2984875e-05	0.99997413	1.28779175e-05
1.3101298e-05	1.31341985e-05	0.9999738
1.4760092e-05	1.4425328e-05	0.9999708
0.98991686	1.9431924e-05	0.010063697
0.9999114	2.7567037e-05	6.1055835e-05
1.5982809e-05	0.9999713	1.2757001e-05
5.5016244e-05	0.99992776	1.7109829e-05
2.1293208e-05	0.99997115	7.5348676e-06
1.6558084e-05	0.99997365	9.809161e-06
2.1797076e-05	0.999926	5.217151e-05
1.8895493e-05	9.902772e-06	0.99997115
1.1168774e-05	0.9999722	1.6628099e-05
1.5846339e-05	9.7232405e-06	0.9999745
6.981015e-05	0.20129114	0.798639
0.0005568398	0.9994259	1.7218297e-05
0.99989104	3.9033926e-05	6.994204e-05
2.0288151e-05	1.4119312e-05	0.99996555
4.8137426e-05	0.9999347	1.7150805e-05
1.3575885e-05	1.2448834e-05	0.999974
1.4524941e-05	0.99996316	2.2265427e-05
0.9999287	5.289332e-05	1.8369527e-05
1.4599425e-05	1.0468653e-05	0.99997497
1.6796745e-05	0.9999696	1.3576498e-05
0.99994516	3.0596115e-05	2.4172836e-05
1.5125997e-05	0.99997115	1.3662595e-05
1.1042002e-05	0.99997413	1.478591e-05
2.4994679e-05	0.9999665	8.448017e-06
4.327358e-05	0.99995005	6.6849957e-06
0.0011647042	0.00019627261	0.99863905
1.6687598e-05	0.9999716	1.1730055e-05
3.8542545e-05	0.006471004	0.99349046
0.62695616	0.36289826	0.010145599
0.00010728744	0.9998832	9.523265e-06
1.1404898e-05	1.9805602e-05	0.99996877
1.5885746e-05	0.9999728	1.1343711e-05
1.672364e-05	1.0451543e-05	0.9999728
3.4904377e-05	0.9999505	1.4544371e-05
2.0494472e-05	8.622477e-06	0.9999709
1.119472e-05	0.9999752	1.3643483e-05
1.5583664e-05	0.99997413	1.0230986e-05
3.41868e-05	0.99993277	3.2962304e-05
3.4073924e-05	0.99995863	7.302605e-06
3.1850574e-05	9.041648e-05	0.9998777
1.9315612e-05	0.99997354	7.16424e-06
1.1348308e-05	5.50907e-05	0.9999336
3.709816e-05	0.99942917	0.00053375063
0.99784625	0.0021234301	3.0339594e-05
1.2718021e-05	0.9999722	1.5077609e-05
0.00021139199	0.999782	6.601456e-06
1.1220323e-05	5.043017e-05	0.99993837
2.5094572e-05	0.9999659	8.914526e-06
1.4856426e-05	1.9667494e-05	0.9999654
1.5854435e-05	0.9999646	1.9536994e-05
1.2031781e-05	1.46809525e-05	0.9999733
1.4672539e-05	1.1230692e-05	0.99997413
1.8002529e-05	9.696865e-06	0.99997234
1.8005658e-05	1.0460652e-05	0.9999715
1.8034061e-05	0.9999552	2.677015e-05
1.4297763e-05	1.0951567e-05	0.9999747
1.3402601e-05	1.1827054e-05	0.9999747
0.9999083	5.6689645e-05	3.490746e-05
2.1931397e-05	9.319999e-06	0.99996877
1.5700129e-05	1.0738267e-05	0.99997354
1.1057015e-05	0.99997485	1.405008e-05
5.418524e-05	0.99992275	2.3052391e-05
1.9460458e-05	9.080939e-06	0.9999715
1.7351125e-05	1.055401e-05	0.9999721
1.8400355e-05	0.9999708	1.0852214e-05
6.476571e-05	0.9999275	7.691502e-06
1.3617174e-05	1.3982783e-05	0.99997234
1.3451813e-05	5.544666e-05	0.9999311
1.9287427e-05	0.9999647	1.599951e-05
1.8141141e-05	0.9999672	1.4657151e-05
2.1348664e-05	0.99995136	2.7341292e-05
3.1362983e-05	0.99996126	7.3692263e-06
3.2015352e-05	0.9999596	8.374194e-06
0.33557084	0.66417307	0.00025604575
1.5506215e-05	1.052442e-05	0.999974
1.534761e-05	1.0416829e-05	0.99997425
2.1350668e-05	0.9999652	1.3423732e-05
1.5325206e-05	1.2149706e-05	0.9999726
7.952071e-05	0.9999143	6.2574313e-06
1.3888615e-05	9.437037e-05	0.99989176
1.9202145e-05	1.47738665e-05	0.999966
0.9915245	0.00814116	0.00033420866
0.000416371	0.9995727	1.0944147e-05
7.4464e-05	0.99991894	6.558087e-06
2.4473395e-05	0.9999654	1.0093551e-05
1.4662717e-05	1.1303703e-05	0.999974
2.1397342e-05	0.99994004	3.8511615e-05
1.5472953e-05	1.59559e-05	0.9999685
1.4826717e-05	1.1983546e-05	0.9999732
1.3116546e-05	0.99997544	1.1464373e-05
1.5163904e-05	0.9999745	1.0362365e-05
2.5239666e-05	0.9999634	1.1368459e-05
2.127447e-05	0.99996424	1.4494223e-05
0.99971205	0.00027485512	1.310544e-05
1.4209393e-05	0.99996805	1.7728202e-05
2.1048125e-05	0.9999186	6.0267637e-05
3.3166587e-05	9.674643e-06	0.9999572
1.4979144e-05	1.1033738e-05	0.999974
1.2794826e-05	0.9999745	1.27405565e-05
1.2531375e-05	0.9999745	1.2984434e-05
2.5690613e-05	7.922142e-06	0.9999664
0.9999453	2.7947117e-05	2.6806549e-05
1.4441052e-05	1.1465879e-05	0.99997413
3.5142042e-05	0.9999559	8.946801e-06
2.9482486e-05	0.9999608	9.77604e-06
1.5241887e-05	1.3443119e-05	0.9999713
0.00024815858	7.849216e-06	0.999744
1.1905008e-05	0.99996305	2.5019825e-05
1.550412e-05	1.0393696e-05	0.99997413
2.7315553e-05	0.99995935	1.3293468e-05
2.2005108e-05	0.99992037	5.756479e-05
1.678011e-05	0.9999621	2.10591e-05
7.762571e-06	0.00043531504	0.99955696
2.0241641e-05	0.9999678	1.1893786e-05
0.012484314	0.9874979	1.7807866e-05
1.8229974e-05	0.99997115	1.0595216e-05
1.352411e-05	0.99997056	1.6003327e-05
2.6648453e-05	0.9999621	1.1186783e-05
2.6132882e-05	0.007885004	0.9920888
2.0077334e-05	0.9999703	9.702053e-06
1.5814838e-05	2.4577614e-05	0.9999596
8.422721e-06	0.0011501819	0.99884146
1.713981e-05	0.99997234	1.0535108e-05
2.9786586e-05	0.999964	6.1949436e-06
0.0017106093	2.0382722e-05	0.99826896
1.6136108e-05	1.1190828e-05	0.9999727
0.00079508283	0.99919564	9.244366e-06
1.6133177e-05	1.0602324e-05	0.9999733
1.0442036e-05	0.00013621521	0.9998534
1.929817e-05	0.9999684	1.2275345e-05
2.4369032e-05	0.9999683	7.439198e-06
1.575297e-05	0.9999728	1.149285e-05
1.7785345e-05	8.99177e-06	0.9999732
1.7301852e-05	9.47259e-06	0.9999732
1.874821e-05	9.363887e-06	0.99997187
1.3571935e-05	1.3517088e-05	0.99997294
1.586788e-05	1.6919017e-05	0.9999672
2.4759956e-05	0.99996495	1.0250601e-05
2.0456675e-05	0.99996936	1.01210335e-05
1.314221e-05	1.176367e-05	0.9999751
2.0834332e-05	9.315983e-06	0.99996984
1.3951002e-05	1.1706273e-05	0.99997437
9.929599e-06	0.99997187	1.8294217e-05
2.6386011e-05	0.99958664	0.0003870174
2.0840467e-05	0.99997056	8.606749e-06
0.9865211	0.013456525	2.2336608e-05
1.8972056e-05	0.9999733	7.730396e-06
1.3719244e-05	0.9999747	1.1618169e-05
2.4292764e-05	0.9999684	7.323376e-06
1.076686e-05	0.9999702	1.9031762e-05
2.2979273e-05	0.99995506	2.1985104e-05
1.3838976e-05	1.1776795e-05	0.99997437
2.272619e-05	0.99996495	1.2302939e-05
1.5137512e-05	1.0985261e-05	0.9999739
0.0020231744	0.9979663	1.0586637e-05
1.4189601e-05	1.4482567e-05	0.9999713
2.9880492e-05	0.9999578	1.23332065e-05
0.9998485	5.3610074e-05	9.785254e-05
2.144182e-05	8.422402e-06	0.9999701
1.0758317e-05	0.9999689	2.0388945e-05
1.9659712e-05	0.99996924	1.1048014e-05
1.6678721e-05	9.614043e-06	0.99997365
2.1364094e-05	8.586291e-06	0.9999701
1.2768782e-05	1.4158172e-05	0.99997306
1.7303322e-05	9.4184525e-06	0.9999733
0.9999217	4.9624392e-05	2.8745138e-05
1.9419693e-05	8.90732e-06	0.9999716
0.9999403	2.618152e-05	3.3465833e-05
1.3743089e-05	1.6316573e-05	0.99996996
4.2227537e-05	0.9999497	8.0574755e-06
4.740151e-05	0.99966466	0.00028786893
1.3117472e-05	1.2339342e-05	0.9999745
0.99991477	7.034802e-05	1.4859115e-05
9.6159265e-06	0.9998988	9.155979e-05
0.0009456478	0.004691361	0.99436295
1.5338153e-05	1.17129575e-05	0.99997294
1.7754777e-05	8.791531e-06	0.9999734
1.599717e-05	1.2898946e-05	0.99997115
2.0889469e-05	9.890004e-06	0.99996924
1.5516702e-05	1.1628833e-05	0.9999728
2.1007028e-05	8.34627e-06	0.9999707
4.303365e-05	0.99994636	1.0591498e-05
2.147883e-05	8.080112e-06	0.99997044
1.3975636e-05	0.99997234	1.3666063e-05
1.38415835e-05	0.9999758	1.0365689e-05
8.869278e-06	7.8634155e-05	0.9999125
1.2342411e-05	1.6301774e-05	0.9999714
0.001323398	2.2941314e-05	0.99865365
1.9571853e-05	0.99997246	8.01929e-06
1.35736955e-05	1.1414686e-05	0.99997497
1.0144571e-05	0.9994542	0.0005356962
1.6770447e-05	9.729549e-06	0.99997354
1.3472307e-05	0.99995327	3.320127e-05
7.1600094e-05	0.99992025	8.1007865e-06
9.09405e-05	0.9999012	7.923545e-06
4.6881032e-05	5.235062e-05	0.9999008
1.6950198e-05	8.944098e-05	0.99989355
1.7054064e-05	1.14073455e-05	0.9999715
1.6229937e-05	0.99997437	9.403053e-06
0.99993324	1.9193974e-05	4.7519403e-05
1.2765484e-05	0.99996746	1.9770003e-05
1.568124e-05	1.0994057e-05	0.9999733
1.2322975e-05	0.9999739	1.38398145e-05
3.8950777e-05	0.9934069	0.006554197
1.8204302e-05	2.0774052e-05	0.999961
0.009916761	0.9900602	2.2985967e-05
9.628383e-05	0.9998834	2.0276582e-05
2.0308133e-05	0.9999685	1.1179038e-05
1.1924393e-05	0.99994016	4.7895035e-05
1.8305318e-05	0.9999739	7.698978e-06
0.009910031	0.55741346	0.43267643
1.228112e-05	1.9235678e-05	0.9999685
1.206859e-05	1.7378572e-05	0.99997056
1.2005196e-05	0.99997103	1.6879112e-05
1.9474823e-05	9.2905775e-06	0.9999713
1.5163434e-05	0.9999721	1.27714975e-05
7.451267e-06	7.9829006e-05	0.99991274
3.932112e-05	0.9999528	7.865447e-06
1.8144536e-05	0.9999732	8.689934e-06
1.1918121e-05	1.522243e-05	0.9999728
2.2766772e-05	0.99996567	1.1517707e-05
9.141801e-06	0.9999479	4.2934764e-05
1.5079927e-05	1.4402574e-05	0.99997056
1.7838114e-05	9.308489e-06	0.9999728
0.004760068	7.103277e-06	0.9952329
0.99992466	5.7980735e-05	1.7396294e-05
1.1394966e-05	0.999972	1.6609329e-05
1.689356e-05	0.9999713	1.1760373e-05
3.0045592e-05	0.99996233	7.684013e-06
1.2774639e-05	0.99989283	9.434546e-05
1.3800149e-05	0.0001235233	0.9998627
1.471286e-05	1.536884e-05	0.99996996
0.999943	3.3570865e-05	2.3330469e-05
0.012447457	0.9872528	0.00029973203
2.312174e-05	0.9999654	1.14195755e-05
0.99994516	2.9716484e-05	2.5100464e-05
1.5153276e-05	1.2386997e-05	0.99997246
2.0653713e-05	0.999967	1.2403171e-05
1.9192583e-05	1.3072737e-05	0.9999677
9.025558e-05	0.99990094	8.795867e-06
1.7229357e-05	0.9999685	1.421489e-05
1.675698e-05	0.99996066	2.2550246e-05
1.7472656e-05	9.616475e-06	0.99997294
5.3399122e-05	0.99993026	1.6277707e-05
5.3447922e-05	0.9995964	0.00035010194
2.3035496e-05	0.9999659	1.1079611e-05
1.5949194e-05	0.9999745	9.560755e-06
1.1337701e-05	0.99996924	1.9462512e-05
0.9999244	3.3182398e-05	4.244291e-05
1.570166e-05	0.9999701	1.418037e-05
1.6655e-05	1.6891581e-05	0.9999665
0.99987197	7.5834745e-05	5.215059e-05
2.1123062e-05	8.340294e-06	0.99997056
0.9999082	7.263658e-05	1.9136267e-05
0.14411984	0.855572	0.00030810342
1.6229202e-05	1.0005245e-05	0.9999738
1.3401404e-05	0.999977	9.709088e-06
1.62529e-05	1.00003135e-05	0.9999738
1.5904694e-05	0.99996805	1.6139342e-05
2.0656922e-05	8.723699e-06	0.9999707
1.52802e-05	1.1132771e-05	0.99997354
2.3759125e-05	0.9999685	7.7500235e-06
1.4191478e-05	2.3312865e-05	0.99996245
1.6727083e-05	0.99997175	1.1595841e-05
1.830832e-05	0.9999299	5.1682102e-05
0.0017725294	0.99819297	3.4557142e-05
0.00013056809	0.9998621	7.353999e-06
1.4506563e-05	1.2334077e-05	0.9999732
8.515218e-05	0.9999051	9.7662805e-06
5.7310124e-05	0.99993265	9.976032e-06
5.742791e-05	0.0060329614	0.9939096
2.0884543e-05	0.9999633	1.585357e-05
1.8691404e-05	0.99996626	1.5078684e-05
1.2117636e-05	0.9999722	1.5575773e-05
1.67673e-05	1.2490762e-05	0.9999708
1.4308775e-05	1.2641583e-05	0.99997306
1.1075752e-05	2.4268476e-05	0.9999647
1.7096127e-05	9.512006e-06	0.9999734
1.0505418e-05	1.926966e-05	0.9999702
1.0798519e-05	0.9999727	1.644589e-05
1.0194565e-05	3.9094004e-05	0.99995077
1.4464306e-05	4.556697e-05	0.9999399
1.7109262e-05	1.00145435e-05	0.9999728
0.9998355	0.00012116171	4.3227665e-05
1.54808e-05	0.9999682	1.6297043e-05
1.9768946e-05	9.98683e-06	0.9999702
1.26643545e-05	1.6014008e-05	0.9999713
2.4571613e-05	0.9999653	1.017096e-05
0.99994123	2.307688e-05	3.566073e-05
5.985098e-05	7.793137e-06	0.9999324
1.5882924e-05	0.9999707	1.3476731e-05
1.9321196e-05	9.958474e-06	0.9999707
1.1594153e-05	1.7342338e-05	0.99997103
0.00021906722	0.9997714	9.490315e-06
0.9998036	2.2777567e-05	0.00017361714
1.2899361e-05	1.6359854e-05	0.9999708
1.7471993e-05	0.9999484	3.4147415e-05
1.5653033e-05	0.9999753	9.072283e-06
1.489627e-05	1.06490315e-05	0.9999745
5.09042e-05	0.99994254	6.5647996e-06
1.871065e-05	0.99997294	8.303481e-06
1.6138463e-05	0.999969	1.48848285e-05
1.498897e-05	1.0352954e-05	0.9999746
1.2072211e-05	0.99997294	1.5056108e-05
1.4832896e-05	1.2123126e-05	0.99997306
0.014475208	0.9854901	3.4654444e-05
1.5672184e-05	9.872659e-06	0.9999745
1.6242855e-05	1.1047389e-05	0.9999727
0.99994314	3.5495086e-05	2.1321506e-05
8.3442665e-06	0.99990034	9.126589e-05
0.99971944	1.533207e-05	0.00026511398
0.0358734	0.9640168	0.00010984644
1.50985e-05	1.3739738e-05	0.99997115
1.3439384e-05	1.4764386e-05	0.99997175
1.5327903e-05	0.999974	1.0563545e-05
1.4194473e-05	1.1630202e-05	0.99997413
1.4763914e-05	1.0294564e-05	0.99997497
1.3186514e-05	0.9999759	1.0850075e-05
1.5679563e-05	1.11004e-05	0.9999732
1.571839e-05	0.99997056	1.3713077e-05
0.99993205	4.6574292e-05	2.1294652e-05
1.572389e-05	0.9999763	8.013809e-06
9.636685e-06	0.9994098	0.00058058696
1.33390895e-05	1.1745376e-05	0.99997497
1.9897707e-05	0.99996793	1.2183576e-05
1.8308447e-05	0.9999683	1.3383904e-05
1.1867285e-05	0.99996495	2.3181143e-05
6.330308e-05	0.26287657	0.7370601
2.8196375e-05	0.99996495	6.8533527e-06
1.319285e-05	1.3982761e-05	0.9999728
2.5385256e-05	0.99996066	1.3887439e-05
0.9999366	2.1802069e-05	4.1574694e-05
1.6114327e-05	0.9999753	8.61455e-06
1.3962818e-05	1.1917637e-05	0.99997413
1.2896904e-05	1.6920294e-05	0.9999702
0.00057085755	0.99939466	3.4397333e-05
3.8618065e-05	0.9999509	1.043489e-05
2.1273116e-05	1.1430645e-05	0.99996734
1.703414e-05	1.0304383e-05	0.9999727
1.2167226e-05	1.530524e-05	0.9999726
1.6449814e-05	0.9999728	1.0711471e-05
2.7152999e-05	0.9999635	9.322439e-06
1.5739628e-05	1.5745709e-05	0.9999685
1.535003e-05	0.9999745	1.008007e-05
1.1150309e-05	0.9999702	1.8537763e-05
0.00037784615	0.7206687	0.2789535
1.1967872e-05	1.5184168e-05	0.9999728
1.4434951e-05	0.9999701	1.5485466e-05
0.99994195	2.6990641e-05	3.1108582e-05
2.3679266e-05	0.9999672	9.01128e-06
2.3666516e-05	0.9999627	1.3575498e-05
1.415109e-05	0.99997437	1.1477337e-05
1.8651135e-05	0.99996185	1.9514706e-05
0.99993896	3.769009e-05	2.337795e-05
2.1433194e-05	8.4876665e-06	0.9999701
1.5516998e-05	1.1522724e-05	0.99997294
3.0689254e-05	0.99996066	8.671454e-06
1.9290033e-05	0.9999721	8.523878e-06
1.1965765e-05	0.99997616	1.195582e-05
4.2277214e-05	0.9946965	0.0052611385
2.3822913e-05	0.9999633	1.2875579e-05
1.1364924e-05	0.9999709	1.7752767e-05
2.3612874e-05	0.999969	7.4132113e-06
0.0023983512	0.9974617	0.0001399425
2.1217398e-05	0.99996924	9.586113e-06
1.42775225e-05	3.7266193e-05	0.9999485
1.4295393e-05	1.1834863e-05	0.9999739
2.8680312e-05	0.9999536	1.759205e-05
1.5933769e-05	0.99997103	1.3003051e-05
1.2678057e-05	0.99965847	0.00032892928
0.00059922127	0.9858845	0.013516268
1.8389463e-05	8.653445e-06	0.99997294
0.00011698177	0.9998752	7.896099e-06
1.0950371e-05	1.6650365e-05	0.99997234
3.5987156e-05	0.99994564	1.8416024e-05
0.82431954	4.981954e-05	0.17563063
2.2673707e-05	0.9999646	1.2811292e-05
9.972003e-06	3.3034787e-05	0.99995697
1.1160069e-05	0.9999689	1.9898163e-05
1.6571086e-05	1.0553284e-05	0.9999728
1.9570238e-05	1.224415e-05	0.9999682
3.644686e-05	0.99995494	8.61026e-06
0.999941	2.5832553e-05	3.3138796e-05
1.647801e-05	1.1020574e-05	0.99997246
1.4276785e-05	1.0672626e-05	0.9999751
1.4264646e-05	1.1566325e-05	0.99997413
1.02708555e-05	0.9999677	2.207307e-05
1.3720561e-05	1.2853075e-05	0.9999734
0.00011943601	0.9737074	0.026173107
1.476421e-05	0.9999713	1.3889852e-05
0.015837476	0.97608256	0.008079929
1.5347792e-05	1.0948036e-05	0.99997365
1.754107e-05	9.824692e-06	0.9999726
2.1731688e-05	7.779815e-06	0.99997044
0.99991906	2.44063e-05	5.651439e-05
1.4745508e-05	0.999974	1.1207825e-05
1.5157703e-05	0.00013132927	0.9998535
1.3382805e-05	1.5588164e-05	0.99997103
1.15842995e-05	0.9999715	1.6934942e-05
9.7750835e-06	0.99996114	2.9120956e-05
1.9165112e-05	8.345584e-06	0.99997246
1.9207975e-05	0.9999548	2.596567e-05
0.0003234711	0.9996444	3.2213306e-05
0.00019847706	0.9997869	1.4702312e-05
1.754481e-05	0.999974	8.51806e-06
3.0270494e-05	0.0001048649	0.9998648
1.5279156e-05	9.851482e-06	0.99997485
8.99666e-06	0.0003982264	0.99959284
5.6011817e-05	0.99993765	6.3262396e-06
9.781255e-06	3.5935438e-05	0.9999542
0.009398456	0.9905462	5.5437245e-05
1.576555e-05	1.0390503e-05	0.9999739
8.881091e-06	3.592019e-05	0.9999552
1.4340015e-05	0.9999672	1.8436454e-05
1.3528255e-05	1.4622971e-05	0.99997187
0.00059511705	0.9993943	1.062162e-05
0.009960502	0.99002236	1.7063321e-05
0.9999355	4.8001082e-05	1.6504719e-05
1.5599413e-05	1.20969935e-05	0.99997234
1.5260699e-05	1.1203299e-05	0.99997354
2.2800581e-05	0.9999676	9.648722e-06
2.6073083e-05	0.99940264	0.0005712409
0.9998497	0.00012959934	2.0737813e-05
1.6136108e-05	1.1190828e-05	0.9999727
2.7101192e-05	0.99996495	7.994871e-06
0.0011526198	8.501885e-06	0.99883884
0.0021049376	2.820287e-05	0.9978669
0.9999355	3.622576e-05	2.8268427e-05
1.2142044e-05	0.9999732	1.4645879e-05
1.9207671e-05	1.226098e-05	0.9999685
1.3859389e-05	1.225665e-05	0.9999739
1.794966e-05	9.542853e-06	0.99997246
1.4896143e-05	0.9999621	2.300384e-05
2.29126e-05	0.9999666	1.0432906e-05
2.0536125e-05	0.9999689	1.0570809e-05
1.5885833e-05	1.0566977e-05	0.99997354
2.5520605e-05	0.99996626	8.1667595e-06
0.00038899662	0.99960464	6.402873e-06
1.974287e-05	0.99996364	1.657571e-05
1.4900298e-05	1.3906273e-05	0.99997115
1.6627651e-05	0.999974	9.454466e-06
1.5005071e-05	1.1582652e-05	0.9999734
1.1155764e-05	0.99997115	1.7645623e-05
1.3427403e-05	1.4025817e-05	0.9999726
0.9999398	4.1223528e-05	1.8997383e-05
0.9965881	0.0033438408	6.8071924e-05
2.1733089e-05	0.99996626	1.2085469e-05
1.6630456e-05	9.491259e-06	0.9999739
1.6765536e-05	9.76557e-06	0.9999734
