0.99996805	2.730946e-05	4.629196e-06
9.526173e-06	0.999974	1.640154e-05
1.652443e-05	0.9999751	8.300728e-06
1.785781e-05	0.999972	1.0183489e-05
0.0030313567	0.99658513	0.00038349183
0.9999485	4.2250893e-05	9.245078e-06
0.99998057	1.4361036e-05	5.1068328e-06
6.751049e-05	0.99934226	0.0005901942
3.867428e-06	2.8171755e-05	0.99996793
5.9894883e-06	8.788968e-06	0.9999852
1.3599806e-05	0.9999645	2.1952626e-05
7.939078e-06	7.2114276e-06	0.99998486
6.1539367e-06	8.831844e-06	0.999985
7.0603005e-06	8.24985e-06	0.99998474
7.035346e-05	0.99991965	1.0026012e-05
0.00059900037	0.9993729	2.812523e-05
0.008502311	0.9914671	3.055499e-05
1.3335252e-05	0.99997723	9.425911e-06
1.29443715e-05	0.99997604	1.1003339e-05
6.363248e-06	8.954929e-06	0.9999846
1.9537634e-05	0.9999726	7.841231e-06
1.524213e-05	0.9999739	1.0837674e-05
6.4743567e-06	9.632928e-06	0.9999839
6.9377897e-06	8.874846e-06	0.99998415
4.9935798e-06	1.04117435e-05	0.9999846
8.809461e-06	6.8803024e-06	0.99998426
0.99995875	3.7996553e-05	3.271554e-06
1.2311491e-05	0.9999771	1.0644815e-05
5.1084617e-06	1.0126578e-05	0.99998474
6.883125e-06	9.685033e-06	0.99998343
1.1071324e-05	0.9999701	1.8886463e-05
4.0846276e-06	1.7548182e-05	0.9999784
7.24796e-06	0.99970514	0.00028752608
2.8337151e-06	0.0001115938	0.99988556
1.058631e-05	0.9999752	1.42175195e-05
7.93357e-06	7.0400365e-06	0.999985
0.8401166	0.15370753	0.0061758435
1.42163235e-05	0.9999769	8.892064e-06
1.0000235e-05	1.7338463e-05	0.9999727
4.2252805e-06	1.2891017e-05	0.99998283
1.2778074e-05	0.9999776	9.674434e-06
8.6966065e-06	0.9999664	2.4972373e-05
6.4194087e-06	8.063138e-06	0.9999856
0.0007429639	8.290065e-05	0.99917406
0.99997854	1.3593785e-05	7.916514e-06
2.0004716e-05	0.9999708	9.222546e-06
1.6470325e-05	0.99997425	9.288497e-06
1.0145051e-05	0.00045486528	0.99953496
7.5647577e-06	8.527678e-06	0.9999839
5.7659954e-06	9.374956e-06	0.99998486
1.4950975e-05	0.99997044	1.4719534e-05
4.1366675e-06	1.2693488e-05	0.9999832
4.4565845e-06	2.7902257e-05	0.9999677
1.2691101e-05	0.9999677	1.9613875e-05
1.3756257e-05	0.99997497	1.1314726e-05
1.3219951e-05	0.99997735	9.442828e-06
4.8117556e-05	0.9999405	1.1276751e-05
4.667771e-06	1.2516848e-05	0.99998283
0.969969	0.029997198	3.380544e-05
7.5578955e-06	9.1019765e-06	0.9999833
3.2950986e-05	0.9999585	8.585029e-06
1.1018136e-05	0.99997723	1.1847483e-05
0.00064000767	0.9992434	0.00011666549
1.4696869e-05	0.9999763	9.088711e-06
1.8454466e-05	0.99997294	8.562756e-06
1.6808053e-05	0.9999732	1.0017058e-05
1.8235038e-05	0.9999733	8.419104e-06
1.2177337e-05	0.9999764	1.1496158e-05
6.741703e-06	8.459692e-06	0.99998474
0.99977356	0.0002217096	4.7548187e-06
0.9998869	0.000103826314	9.296051e-06
6.9884013e-06	9.169084e-06	0.9999838
5.927765e-06	8.779353e-06	0.99998534
6.8351715e-06	1.2513455e-05	0.9999807
6.611662e-06	9.330982e-06	0.999984
6.984135e-06	8.573323e-06	0.9999844
3.7890684e-05	0.99995315	8.893032e-06
0.99946386	0.0005327528	3.4233312e-06
1.1412238e-05	0.9999759	1.2610071e-05
4.1423764e-06	2.4892332e-05	0.9999709
8.383874e-06	7.828564e-06	0.9999838
1.3157179e-05	0.9999776	9.335319e-06
2.46022e-05	0.99996185	1.3548403e-05
1.5710293e-05	0.9999685	1.574338e-05
1.3943643e-05	0.9999751	1.0941173e-05
5.9477065e-06	9.222587e-06	0.99998486
9.518215e-06	0.99996793	2.25336e-05
4.715001e-06	1.2765445e-05	0.9999825
0.9999827	1.0345565e-05	6.92349e-06
6.2284194e-06	1.7394175e-05	0.9999764
1.3208286e-05	0.9999758	1.0987597e-05
4.194436e-06	1.648084e-05	0.9999794
0.9924176	0.007531762	5.0616665e-05
7.3663286e-06	8.8244e-06	0.9999838
2.0062425e-05	0.99997044	9.501623e-06
6.125644e-06	9.6911e-06	0.99998415
0.9999502	3.682514e-05	1.295441e-05
1.9216714e-05	0.99997294	7.845857e-06
6.0499865e-06	1.04376895e-05	0.99998355
1.19735005e-05	0.9999758	1.2270884e-05
0.99996674	1.6755339e-05	1.643297e-05
6.3378125e-06	7.831821e-06	0.9999858
1.1841178e-05	0.99997807	1.0109729e-05
1.123514e-05	0.99997723	1.1619219e-05
5.425834e-06	1.0672343e-05	0.9999839
0.99251986	0.0072660497	0.00021414823
0.99998176	1.0949189e-05	7.212416e-06
0.9999808	1.0427911e-05	8.852112e-06
1.0524478e-05	0.99997663	1.2900937e-05
2.561142e-05	0.9999528	2.1593158e-05
1.21150815e-05	0.99997306	1.4730849e-05
0.9999485	1.0226696e-05	4.1236388e-05
0.9998646	7.365746e-06	0.00012796355
1.2726808e-05	0.9999753	1.1955981e-05
6.157364e-06	8.991386e-06	0.99998486
1.2468318e-05	0.9999777	9.765519e-06
0.999982	1.1771619e-05	6.1690375e-06
7.18948e-05	0.9999212	6.9141765e-06
4.9943724e-06	1.4726686e-05	0.99998033
0.0023961086	0.92647666	0.07112725
1.1814796e-05	0.9999783	9.87185e-06
6.6712255e-06	8.123639e-06	0.9999852
1.468916e-05	0.99997616	9.122028e-06
1.2647428e-05	0.9999776	9.770602e-06
1.3490241e-05	0.9999722	1.4267951e-05
1.7149114e-05	0.9999734	9.360875e-06
8.55044e-06	7.41239e-06	0.999984
2.182972e-05	0.99926835	0.00070981414
5.586361e-06	9.731087e-06	0.99998474
1.0353128e-05	0.99997616	1.3493974e-05
2.2296144e-05	0.9999685	9.175294e-06
6.689734e-06	1.6551472e-05	0.99997675
1.26290915e-05	1.8726527e-05	0.99996865
9.980363e-06	0.99997103	1.8924471e-05
0.00010879939	0.24331671	0.7565746
1.6420541e-05	0.99997497	8.578574e-06
2.3148501e-05	0.13941741	0.86055946
3.4921966e-06	2.1251524e-05	0.9999752
6.674384e-06	1.3490188e-05	0.99997985
9.244156e-06	0.99997187	1.8815683e-05
2.9331775e-05	0.11008656	0.88988405
6.987538e-05	0.9999217	8.483589e-06
0.088670835	0.91122997	9.918842e-05
0.00013790496	0.99985397	8.124542e-06
1.512152e-05	7.4356344e-06	0.99997747
5.029993e-06	1.1601805e-05	0.9999833
0.00015144178	0.0070515387	0.9927971
0.99933225	0.00066096877	6.832811e-06
9.67555e-06	7.0066426e-06	0.9999833
1.909541e-05	0.99997103	9.907956e-06
5.161144e-06	0.000116593874	0.9998783
1.2910955e-05	5.7227358e-06	0.9999814
0.99998	8.840715e-06	1.1221839e-05
6.5273302e-06	8.124176e-06	0.99998534
5.7719008e-06	9.0259e-06	0.9999852
7.1805034e-06	8.0777e-06	0.99998474
0.99997497	7.358821e-06	1.7628214e-05
7.0803153e-06	7.866112e-06	0.9999851
1.2984164e-05	0.99997663	1.03310595e-05
7.3732595e-06	7.744136e-06	0.99998486
1.160903e-05	0.9999783	1.0112576e-05
2.1634338e-05	0.99059486	0.00938355
0.0018876713	0.9969111	0.0012012422
6.4290903e-06	8.700608e-06	0.99998486
6.0668503e-06	1.0640091e-05	0.9999833
0.92694956	0.0729872	6.319486e-05
1.0143469e-05	0.999972	1.7867298e-05
0.77081877	0.2281988	0.0009824368
1.1716778e-05	0.9999777	1.05942445e-05
1.4539952e-05	0.99997663	8.783297e-06
1.8121442e-05	0.9999727	9.216549e-06
4.8299157e-06	1.3284313e-05	0.9999819
0.99997795	1.432105e-05	7.747295e-06
1.9928471e-05	0.9999727	7.4305235e-06
1.2176035e-05	0.9999782	9.611372e-06
6.5590684e-06	8.815541e-06	0.9999846
1.3474776e-05	0.9999696	1.6888878e-05
6.476299e-06	8.1833505e-06	0.99998534
1.48107365e-05	0.99995995	2.5329764e-05
1.3290417e-05	6.177742e-06	0.99998057
6.719349e-06	1.0141543e-05	0.9999832
4.3122377e-06	1.18924445e-05	0.9999838
5.9352224e-06	1.8925144e-05	0.9999751
5.1724073e-06	1.3708202e-05	0.99998116
6.0438188e-06	8.990736e-06	0.999985
7.83371e-06	7.4840295e-06	0.99998474
2.2778017e-05	0.9999664	1.0824899e-05
1.1903236e-05	0.99997044	1.764699e-05
2.1654396e-05	0.99997056	7.701919e-06
4.853176e-05	0.99994123	1.022584e-05
6.618306e-06	2.6271242e-05	0.9999671
1.8717119e-05	0.9999707	1.0551237e-05
6.0755647e-06	9.575623e-06	0.9999844
2.9540652e-05	0.9999261	4.436167e-05
1.5801208e-05	0.99997485	9.356845e-06
6.810051e-06	8.503313e-06	0.99998474
1.2262241e-05	0.999977	1.0687395e-05
8.017705e-06	7.411008e-06	0.9999846
1.3627534e-05	0.99993277	5.3622727e-05
1.0163025e-05	0.99997735	1.2547052e-05
0.9999676	2.8273942e-05	4.154021e-06
4.8325605e-06	1.21872345e-05	0.99998295
4.776636e-06	1.7296159e-05	0.99997795
1.8836727e-05	0.9999701	1.1060485e-05
1.5146029e-05	0.9999757	9.225037e-06
5.2006517e-06	1.0568904e-05	0.99998426
1.3442201e-05	0.999941	4.5587018e-05
0.9999745	2.1055366e-05	4.4485723e-06
5.0277413e-06	1.1245643e-05	0.99998367
7.361835e-06	9.708572e-06	0.99998295
9.985568e-06	0.9999678	2.2186912e-05
1.5323387e-05	0.999974	1.0592548e-05
0.99737334	0.002614342	1.2403096e-05
2.848102e-05	0.9997365	0.00023507714
0.999954	4.115129e-05	4.9358778e-06
7.149045e-06	1.0008847e-05	0.99998283
1.1262947e-05	0.99997354	1.5239262e-05
3.7217933e-06	2.1316719e-05	0.99997497
1.4130957e-05	0.9999746	1.12262105e-05
4.6734194e-06	1.243697e-05	0.99998283
5.6205736e-06	9.350269e-06	0.999985
1.232305e-05	0.99997425	1.3498788e-05
1.1792973e-05	0.99997866	9.550124e-06
2.291715e-05	1.60559e-05	0.999961
1.0467195e-05	0.9999778	1.1737749e-05
1.7857004e-05	0.9999697	1.2450656e-05
1.309825e-05	0.9999757	1.1163275e-05
3.7801253e-06	2.0397722e-05	0.9999758
6.204026e-06	8.558462e-06	0.9999852
1.2710601e-05	0.9999771	1.0086828e-05
1.0805214e-05	0.99997354	1.5605918e-05
8.669461e-06	0.9999701	2.1183974e-05
1.4545771e-05	0.9999771	8.380317e-06
2.42073e-05	0.99996793	7.883084e-06
1.6239808e-05	0.9999691	1.463183e-05
0.991872	0.008107267	2.0741985e-05
4.861442e-06	1.19934175e-05	0.9999832
1.5608939e-05	0.9999707	1.3714112e-05
2.3393535e-05	0.04012417	0.9598524
3.607658e-05	0.9999517	1.2179242e-05
1.462304e-05	0.99997663	8.6444525e-06
1.3240464e-05	0.99997807	8.707198e-06
5.0715344e-06	1.4290242e-05	0.9999807
1.3580715e-05	0.9999769	9.559419e-06
9.170469e-06	9.455537e-06	0.9999814
1.8215183e-05	0.99997294	8.813017e-06
9.054618e-06	0.99997556	1.5373456e-05
1.2522507e-05	0.99997616	1.1305301e-05
0.8985233	0.10140919	6.752359e-05
1.3796894e-05	0.9999386	4.7505342e-05
0.9999796	8.789574e-06	1.1555595e-05
1.596749e-05	0.999966	1.7951379e-05
7.2229855e-06	9.635439e-06	0.9999832
1.3709977e-05	0.9999771	9.213479e-06
6.8290587e-06	8.805515e-06	0.9999844
8.375441e-06	0.9999616	3.0047919e-05
1.999538e-05	0.99996936	1.064319e-05
0.9868858	0.013098948	1.5272237e-05
7.994479e-06	7.3605347e-06	0.9999846
8.493037e-06	9.677622e-06	0.9999819
1.17806985e-05	0.9999758	1.2350023e-05
9.459642e-06	0.0055239103	0.9944666
0.9999666	2.878536e-05	4.6790337e-06
8.073826e-06	8.136281e-06	0.9999838
1.24793105e-05	0.9997985	0.00018907667
0.99981886	0.00017851235	2.614507e-06
0.99994814	4.59363e-05	5.9895633e-06
7.369118e-06	7.92726e-06	0.99998474
4.100639e-06	1.5254682e-05	0.9999807
0.9982882	0.0017057797	6.007382e-06
1.4237099e-05	0.017643519	0.9823422
7.1951795e-06	8.167665e-06	0.9999846
2.0126794e-05	0.99997115	8.74311e-06
0.9999795	8.83274e-06	1.1711715e-05
6.61189e-06	8.195854e-06	0.9999852
9.885024e-06	0.99993205	5.806527e-05
8.138317e-06	0.999964	2.7845055e-05
5.326428e-06	2.2987962e-05	0.9999716
7.3280958e-06	0.00036984737	0.9996228
2.6058622e-05	0.99996245	1.14118875e-05
8.614867e-06	7.1657246e-06	0.99998426
1.2960951e-05	0.9999782	8.78068e-06
1.5149719e-05	0.9999713	1.3548053e-05
1.3324212e-05	0.99997675	9.939292e-06
7.4009304e-06	7.944545e-06	0.9999846
9.255415e-06	0.9999635	2.7236953e-05
6.6780344e-06	8.513246e-06	0.99998486
5.5304095e-06	1.5643387e-05	0.9999788
6.013699e-06	1.07042515e-05	0.9999833
8.580841e-06	6.8774502e-06	0.9999845
7.474097e-06	7.4323016e-06	0.9999851
6.151568e-06	8.560854e-06	0.99998534
3.3316766e-05	0.99995077	1.6023809e-05
0.99994504	4.7013258e-05	8.025895e-06
0.99998105	1.227419e-05	6.698228e-06
5.5878995e-06	8.95001e-06	0.99998546
1.0800571e-05	1.815201e-05	0.99997103
1.1290557e-05	0.9999777	1.1002948e-05
4.7920557e-06	1.1038891e-05	0.99998415
5.3639865e-06	9.829957e-06	0.99998486
4.5376664e-06	2.5059815e-05	0.99997044
1.9466042e-05	0.9999713	9.329395e-06
4.1330863e-05	0.99993575	2.284831e-05
2.7690683e-05	1.2553774e-05	0.9999597
8.779818e-06	0.9999391	5.2108444e-05
1.2441149e-05	0.99997735	1.0310092e-05
4.6474966e-06	2.1448364e-05	0.9999739
6.865835e-06	7.989727e-06	0.9999851
9.447155e-06	7.1259064e-06	0.99998343
8.4568055e-06	7.5888775e-06	0.9999839
1.3928535e-05	0.99997437	1.1702411e-05
2.2007776e-05	0.9952798	0.0046982625
1.4518764e-05	0.9999765	8.91038e-06
2.2288905e-05	0.99996233	1.5430094e-05
1.4355055e-05	0.9999759	9.813057e-06
6.4689884e-06	8.404603e-06	0.9999851
6.561521e-06	1.07540145e-05	0.9999827
7.234019e-06	1.1052727e-05	0.99998176
1.3071329e-05	0.99997735	9.489646e-06
2.863366e-05	0.0001969197	0.9997744
5.897749e-06	8.886637e-06	0.9999852
1.3472605e-05	0.9999763	1.0219082e-05
2.7434622e-05	0.99995923	1.3311634e-05
1.7651855e-05	0.99997425	8.080213e-06
1.1384517e-05	0.9999788	9.760473e-06
1.04544715e-05	0.99997365	1.5905056e-05
1.1992789e-05	0.9999765	1.1397637e-05
0.9999783	1.2937278e-05	8.65548e-06
1.1160206e-05	0.9999753	1.3529837e-05
1.4240103e-05	0.99997544	1.0361674e-05
1.3753385e-05	0.9999721	1.4243193e-05
1.0760716e-05	6.3047587e-06	0.99998295
2.6950342e-05	0.9999641	8.947669e-06
1.3354446e-05	0.99997544	1.1216288e-05
7.248077e-06	8.371359e-06	0.9999844
3.7241734e-05	0.99995184	1.1014223e-05
8.443738e-06	7.122652e-06	0.9999844
0.0004082357	0.9995808	1.0966992e-05
1.1363801e-05	0.99997795	1.0691636e-05
1.2938113e-05	0.9999732	1.3842683e-05
0.9999801	1.3877673e-05	6.070338e-06
4.9282094e-06	1.0847413e-05	0.99998426
2.521643e-05	5.545752e-06	0.99996924
0.00018936946	0.9997961	1.4592165e-05
8.488571e-06	5.1120973e-05	0.9999404
0.0008691425	0.99911946	1.143775e-05
5.760178e-06	8.928806e-06	0.99998534
4.308885e-06	1.3443652e-05	0.99998224
1.4406044e-05	0.999974	1.1622506e-05
8.083973e-06	7.2942958e-06	0.9999846
0.0005738882	0.9993718	5.4313547e-05
0.99887973	0.00084258773	0.00027762935
1.09840175e-05	0.0037745272	0.99621445
0.9999492	4.2681215e-05	8.130075e-06
6.768092e-05	0.99991786	1.4471577e-05
1.0510135e-05	0.99997675	1.2704209e-05
0.00013762899	0.9998486	1.3716834e-05
0.9999714	2.3583e-05	4.9747573e-06
5.958965e-06	9.04119e-06	0.999985
0.00034954128	0.9995902	6.030539e-05
0.99946696	0.0005277344	5.3250096e-06
6.6475613e-06	9.181949e-06	0.99998415
0.99998224	1.1598285e-05	6.1878586e-06
3.4559368e-06	1.7908053e-05	0.99997866
6.1522246e-06	8.678542e-06	0.9999852
4.0136252e-05	0.01514293	0.98481697
1.34962465e-05	0.9999777	8.7728085e-06
0.9999808	7.960518e-06	1.1196022e-05
1.28422635e-05	0.9999769	1.0269098e-05
1.2888608e-05	0.9999771	1.0019544e-05
1.6139134e-05	0.9999752	8.676197e-06
5.7449656e-06	9.8076025e-06	0.9999845
1.51416425e-05	0.9999769	7.989174e-06
1.9906052e-05	0.9999714	8.760128e-06
0.99996793	2.291204e-05	9.194033e-06
8.698615e-06	7.5881444e-06	0.99998367
1.16435995e-05	0.99997723	1.1064479e-05
1.4805348e-05	0.9999708	1.4366568e-05
1.3727202e-05	0.99997675	9.502263e-06
4.8021725e-06	1.1645449e-05	0.99998355
1.1496115e-05	0.9999517	3.6835627e-05
0.9999794	1.3517497e-05	7.1664135e-06
1.0874217e-05	0.9999697	1.9399533e-05
7.083296e-06	1.5051229e-05	0.9999778
8.748017e-06	0.99997354	1.7809418e-05
6.3403913e-06	8.3245e-06	0.99998534
6.3411508e-06	8.738212e-06	0.999985
1.1804375e-05	0.9999732	1.5067115e-05
6.46454e-05	2.7329912e-05	0.999908
1.4303648e-05	0.99996376	2.1904241e-05
1.45120175e-05	0.99997616	9.275821e-06
1.2911424e-05	0.99997485	1.224812e-05
2.5197824e-05	0.99996734	7.4960353e-06
1.1866397e-05	0.9999778	1.0193266e-05
7.2469397e-06	7.871529e-06	0.99998486
8.375735e-06	7.196063e-06	0.9999844
1.3687212e-05	0.9999776	8.677665e-06
4.3942805e-06	1.6353833e-05	0.99997926
1.7179418e-05	0.00053068507	0.9994522
9.814587e-06	7.1277523e-06	0.9999831
1.668145e-05	0.9999732	1.0120687e-05
1.0789671e-05	0.99996746	2.1742588e-05
0.9999809	9.438945e-06	9.631052e-06
1.3357618e-05	0.9999716	1.5076535e-05
6.222199e-06	8.529771e-06	0.9999852
1.49703155e-05	0.9999738	1.12053e-05
5.4316468e-05	0.9998783	6.731944e-05
1.958508e-05	0.99995196	2.8456365e-05
9.946062e-06	0.9993418	0.00064835756
1.0962062e-05	0.9999714	1.7664282e-05
8.19377e-06	7.2162206e-06	0.9999846
1.0396977e-05	0.9999788	1.0820945e-05
1.4964742e-05	0.99997616	8.815861e-06
1.2257747e-05	0.9999776	1.0163649e-05
1.4305261e-05	0.9999745	1.1174723e-05
6.929444e-06	9.016745e-06	0.999984
1.4071973e-05	0.99997735	8.637915e-06
4.287e-06	1.3676338e-05	0.999982
5.7424086e-06	8.695794e-06	0.9999856
4.8463994e-06	2.0131516e-05	0.99997497
4.0697155e-06	1.2911013e-05	0.9999831
6.1983806e-06	1.1103428e-05	0.9999827
2.5340494e-05	0.9540994	0.045875207
1.0133978e-05	0.9999782	1.1682998e-05
0.7556016	0.24432632	7.202268e-05
0.99994504	4.8607497e-05	6.2589247e-06
1.8184106e-05	0.9999734	8.309775e-06
2.0578527e-05	0.9999716	7.7978075e-06
7.1682994e-06	8.823392e-06	0.999984
7.827893e-06	7.3564943e-06	0.99998486
3.9327297e-05	0.99995244	8.268905e-06
0.0017848685	0.00034654242	0.99786854
1.6323009e-05	0.99997425	9.398202e-06
5.080875e-06	1.5692074e-05	0.99997926
5.9536296e-06	1.2283848e-05	0.99998176
0.99997914	1.6142245e-05	4.7205285e-06
1.33606745e-05	0.99997723	9.358528e-06
7.4583536e-06	7.406589e-06	0.9999851
0.99993956	5.2339416e-05	8.12509e-06
7.082167e-06	9.61342e-06	0.9999833
1.52829e-05	0.99997663	8.112941e-06
4.190021e-06	2.2350798e-05	0.9999734
1.4127329e-05	0.99997616	9.670619e-06
1.4108922e-05	0.999977	8.940201e-06
2.387594e-05	0.99996746	8.690298e-06
8.929364e-06	9.104317e-06	0.999982
1.5113487e-05	0.9999753	9.504996e-06
4.9540317e-06	1.4752269e-05	0.99998033
8.579906e-06	0.9999604	3.098681e-05
5.2699675e-06	1.206647e-05	0.9999827
7.923408e-06	8.016187e-06	0.999984
1.3016705e-05	0.9999782	8.7851695e-06
1.2893913e-05	0.9999738	1.3313427e-05
1.5495121e-05	0.99997437	1.0137777e-05
1.4287275e-05	0.9999466	3.9051436e-05
8.020168e-06	0.9999292	6.287743e-05
0.99993837	5.553099e-05	6.088759e-06
1.0198736e-05	0.9999746	1.5148959e-05
0.16756138	0.83237725	6.1348605e-05
5.76559e-06	1.0074767e-05	0.99998415
4.4088843e-06	0.00010115707	0.9998944
8.165393e-06	7.0023652e-06	0.99998486
1.0657875e-05	0.9999758	1.3556476e-05
6.591769e-06	1.0020333e-05	0.99998343
1.0893933e-05	0.9999721	1.7038063e-05
6.114424e-06	9.116219e-06	0.99998474
0.00010690464	0.059490956	0.94040215
2.8230199e-05	0.99996316	8.638007e-06
1.5372523e-05	0.99997497	9.601804e-06
0.012485585	0.49645054	0.49106395
4.886756e-05	0.9999348	1.6347381e-05
0.9998703	0.00012228546	7.4380855e-06
7.254904e-06	7.189212e-06	0.9999856
8.0701044e-05	0.57437754	0.4255417
7.0843503e-06	8.438088e-06	0.9999845
8.909666e-06	0.99997556	1.5447333e-05
0.0011210783	0.9988109	6.810525e-05
1.7094106e-05	0.99967694	0.00030607267
9.182444e-06	7.1187756e-06	0.99998367
1.1877818e-05	0.99997663	1.1442957e-05
1.4239341e-05	0.9999715	1.4309518e-05
6.859494e-06	7.898498e-06	0.9999852
1.1408186e-05	0.9999776	1.0978776e-05
0.9947761	0.0052042445	1.9593328e-05
9.3300594e-05	0.99988747	1.9232946e-05
1.4155915e-05	0.99997675	9.023388e-06
1.3223363e-05	0.99997795	8.778216e-06
1.1119981e-05	0.9999789	1.0032671e-05
1.0550093e-05	0.99997854	1.0868663e-05
7.1873933e-06	8.39456e-06	0.9999844
0.9997739	6.374575e-06	0.00021978699
1.5294016e-05	0.9999751	9.641353e-06
5.6723643e-06	9.592543e-06	0.99998474
4.7876445e-05	0.99990857	4.356644e-05
1.2287458e-05	0.0046963664	0.99529135
1.070771e-05	0.99997544	1.3832315e-05
1.5124556e-05	0.99997497	9.936753e-06
7.398791e-06	1.1929314e-05	0.9999807
6.308883e-06	1.0103491e-05	0.99998355
6.87802e-06	7.806627e-06	0.99998534
8.399179e-06	7.5071357e-06	0.99998415
3.2758642e-06	1.9233266e-05	0.99997747
9.391153e-06	0.99997354	1.7036476e-05
1.244765e-05	0.9999763	1.1298103e-05
1.2505946e-05	0.99997735	1.0185137e-05
1.2340999e-05	0.99997437	1.3178611e-05
0.0011786751	0.99880874	1.2664418e-05
8.147361e-06	8.158426e-06	0.99998367
0.99998057	1.4054194e-05	5.4164116e-06
2.6169502e-05	0.9999608	1.3002024e-05
9.145391e-06	0.9999639	2.689375e-05
0.99977	0.00022158325	8.403596e-06
9.041217e-06	6.832627e-06	0.99998415
3.155975e-05	1.655886e-05	0.99995184
1.2588492e-05	0.9999769	1.0520235e-05
0.7795746	0.22039716	2.8298608e-05
1.3881217e-05	0.9999759	1.0267953e-05
1.3350931e-05	6.541697e-06	0.9999801
0.99997103	2.6090005e-05	2.8525856e-06
1.1828903e-05	0.9999784	9.7429765e-06
1.1799145e-05	0.9991184	0.00086979795
1.5019e-05	0.99997425	1.0786288e-05
5.2987534e-06	1.2038159e-05	0.9999827
6.3474195e-06	8.576256e-06	0.9999851
5.7545344e-06	1.067966e-05	0.99998355
1.062761e-05	6.6639855e-06	0.9999827
5.065994e-06	1.7213255e-05	0.9999777
1.1228474e-05	0.9999751	1.3696502e-05
0.44901374	0.0008407437	0.5501455
5.210843e-06	1.1631616e-05	0.9999832
5.2642913e-06	0.0014938973	0.9985008
1.720296e-05	0.9999745	8.370263e-06
1.5536518e-05	0.9999721	1.242221e-05
1.287804e-05	0.99997604	1.1050714e-05
8.446408e-06	7.633984e-06	0.9999839
8.88273e-06	6.8901977e-06	0.99998426
6.558038e-06	9.487427e-06	0.9999839
1.27358335e-05	0.9999776	9.613512e-06
2.0127916e-05	0.99996793	1.1876038e-05
1.38874875e-05	0.9999727	1.3432311e-05
2.589606e-05	0.99995303	2.1132824e-05
5.4627e-06	9.241504e-06	0.99998534
6.7013407e-06	9.2775745e-06	0.999984
1.338323e-05	0.999977	9.60099e-06
8.365041e-06	7.040001e-06	0.9999846
0.999982	9.573317e-06	8.48737e-06
4.590978e-05	0.00015035088	0.9998037
1.6818127e-05	1.0575919e-05	0.9999726
1.2952356e-05	0.999969	1.8052913e-05
5.7349816e-06	1.4361848e-05	0.99997985
4.0982914e-06	0.00028183323	0.9997141
0.0017145869	0.99826306	2.2327788e-05
1.1210914e-05	0.9999758	1.3032723e-05
1.13643655e-05	0.99997604	1.2648785e-05
1.4944946e-05	2.6883543e-05	0.99995816
1.5853895e-05	0.9999763	7.8826915e-06
1.6379478e-05	0.9999745	9.155061e-06
1.18222e-05	0.9999771	1.105645e-05
4.7412473e-06	1.4115091e-05	0.99998116
2.9387107e-05	0.12295978	0.8770109
1.3265675e-05	6.997767e-05	0.9999168
0.99997926	8.451364e-06	1.232578e-05
6.7422216e-06	7.961094e-06	0.99998534
6.1453325e-06	8.957468e-06	0.99998486
3.5672118e-05	0.99995434	9.963583e-06
6.1558494e-06	8.9575105e-06	0.99998486
4.569406e-06	1.3438637e-05	0.999982
1.5877706e-05	0.99997306	1.1054339e-05
6.810051e-06	8.503313e-06	0.99998474
1.0847707e-05	0.99997795	1.1166409e-05
1.3045364e-05	0.99997354	1.34532065e-05
1.0841264e-05	0.999977	1.2134589e-05
3.440435e-05	0.99995613	9.4496545e-06
2.3196682e-05	0.99996936	7.417231e-06
0.99989414	0.00010152275	4.2769293e-06
0.00773787	0.57579905	0.41646308
0.99985886	0.0001339192	7.1282407e-06
5.116154e-06	1.0281967e-05	0.9999846
6.860868e-06	7.881395e-06	0.9999852
0.0069463435	0.99298686	6.679809e-05
1.1693887e-05	0.9999771	1.1165591e-05
1.1779861e-05	0.99997807	1.0179426e-05
7.2513926e-06	7.780774e-06	0.999985
4.2527e-05	0.99994683	1.0573852e-05
5.4208194e-06	1.0183102e-05	0.9999844
3.7932004e-06	1.5874202e-05	0.99998033
1.2251238e-05	0.9999738	1.3952285e-05
7.912047e-06	7.5684575e-06	0.9999845
5.2956484e-06	1.060776e-05	0.99998415
0.99998176	1.3110752e-05	5.1003067e-06
6.244593e-06	8.40156e-06	0.99998534
9.601801e-05	0.99989307	1.0823918e-05
5.0653184e-06	1.1367322e-05	0.99998355
1.49511225e-05	0.9999765	8.6276905e-06
4.131209e-06	1.32604255e-05	0.9999826
0.9999802	1.0707158e-05	9.0546855e-06
5.8902256e-06	0.0019994641	0.99799466
8.133548e-06	7.308214e-06	0.9999845
5.949688e-06	9.841274e-06	0.99998426
1.307281e-05	0.9999771	9.800115e-06
0.00045997152	0.99953306	7.000416e-06
0.9996191	0.00036782416	1.2966111e-05
1.3836841e-05	0.9999765	9.69282e-06
6.634163e-06	7.937116e-06	0.99998546
5.321187e-06	1.09269195e-05	0.9999838
1.5095056e-05	0.99997675	8.158764e-06
1.7088549e-05	1.4140272e-05	0.99996877
7.156618e-06	9.882455e-06	0.99998295
5.089601e-06	9.727111e-06	0.9999852
1.2947404e-05	0.9999757	1.1279374e-05
1.6175401e-05	0.9999759	7.866086e-06
1.227901e-05	0.99997795	9.718565e-06
1.08630975e-05	0.00044829087	0.9995409
6.671614e-06	9.019731e-06	0.99998426
1.1825819e-05	1.1167443e-05	0.999977
0.99995506	6.147581e-06	3.874239e-05
1.0292748e-05	0.9999778	1.19215565e-05
1.5497506e-05	0.9999738	1.0713198e-05
1.219612e-05	0.9999784	9.452371e-06
1.8628592e-05	0.9999713	1.0154486e-05
1.5841611e-05	0.9999678	1.6299507e-05
8.0921145e-06	8.692341e-06	0.9999832
1.549701e-05	0.9999751	9.427645e-06
7.69379e-06	7.6569495e-06	0.9999846
3.5665366e-06	5.9141636e-05	0.9999373
1.7622047e-05	0.99997413	8.194513e-06
0.99997795	1.1736732e-05	1.03931025e-05
5.699777e-06	1.026789e-05	0.999984
1.4310001e-05	0.99997294	1.2779648e-05
5.7877182e-06	9.403492e-06	0.99998486
1.5265583e-05	0.99996257	2.2137192e-05
0.9999199	7.4809155e-05	5.271305e-06
6.7510073e-06	9.314879e-06	0.9999839
1.3933514e-05	0.9999751	1.0969633e-05
0.9999596	3.3093747e-05	7.2390344e-06
1.3659053e-05	0.9999771	9.137404e-06
1.268739e-05	0.99997747	9.882692e-06
1.2983536e-05	0.9999769	1.0113468e-05
1.4751323e-05	0.99997437	1.0841287e-05
0.00010716206	0.8170657	0.1828271
1.1989625e-05	0.99997675	1.1251153e-05
1.714303e-05	0.018563056	0.9814198
0.90367955	0.09000792	0.0063124374
0.00015079249	0.99983823	1.0908463e-05
5.7265706e-06	9.703608e-06	0.9999846
1.0863092e-05	0.99997807	1.1122793e-05
6.7629658e-06	8.583698e-06	0.9999846
0.9994436	0.0005483737	7.96321e-06
7.291175e-06	7.876996e-06	0.99998486
1.154612e-05	0.99997854	9.848203e-06
1.5988891e-05	0.99997616	7.843869e-06
0.1448562	0.8546107	0.0005330785
1.4249208e-05	0.99997663	9.111078e-06
7.629814e-06	1.8802135e-05	0.99997354
1.3105928e-05	0.9999771	9.758715e-06
7.4203863e-06	1.5589982e-05	0.999977
0.00016518119	0.9997521	8.276986e-05
0.99899596	0.0009999896	4.1009475e-06
1.1465527e-05	0.99997866	9.917846e-06
0.64763844	0.35233423	2.7333543e-05
5.142181e-06	1.6144362e-05	0.99997866
1.607205e-05	0.9999746	9.282133e-06
9.400645e-06	1.0193867e-05	0.99998045
1.3656269e-05	0.99997735	8.955931e-06
4.406118e-06	1.3647311e-05	0.999982
5.3552058e-06	9.691949e-06	0.999985
5.6591284e-06	1.0152235e-05	0.99998415
7.349736e-06	8.544368e-06	0.99998415
1.3822857e-05	0.99997425	1.19381475e-05
7.324775e-06	8.5998345e-06	0.999984
3.9970982e-06	1.568485e-05	0.99998033
0.9999579	1.5048777e-05	2.7064018e-05
8.845145e-06	7.128949e-06	0.999984
7.014311e-06	8.755916e-06	0.99998426
1.32996065e-05	0.99997663	9.979373e-06
0.2927482	0.70684236	0.00040944433
7.1951304e-06	8.24369e-06	0.9999845
7.777201e-06	8.706482e-06	0.99998355
1.1606992e-05	0.99997735	1.1113655e-05
3.9588464e-05	0.99995196	8.469837e-06
5.2840096e-06	9.7260045e-06	0.999985
3.1622716e-05	0.99787974	0.0020886166
1.3223742e-05	0.9999751	1.1625977e-05
1.2256641e-05	0.999977	1.076295e-05
2.1745656e-05	0.99996936	8.901058e-06
2.2534447e-05	0.99996924	8.2366005e-06
1.7720697e-05	0.9999747	7.5274825e-06
0.021395443	0.9785685	3.60732e-05
9.098705e-06	6.6375273e-06	0.99998426
6.7693118e-06	8.128157e-06	0.9999851
2.2085605e-05	0.99996793	1.0038714e-05
1.1234732e-05	1.9193938e-05	0.9999696
8.468948e-05	0.9999076	7.744741e-06
5.247319e-06	2.3490204e-05	0.9999713
7.693651e-06	1.2403579e-05	0.99997985
0.30366457	0.6552253	0.041110136
2.2453218e-05	0.99996865	8.972567e-06
4.3196786e-05	0.99994767	9.147476e-06
1.2277096e-05	0.99996996	1.7776672e-05
6.349121e-06	9.479634e-06	0.99998415
1.410481e-05	0.99997354	1.2411842e-05
7.985279e-06	1.5504467e-05	0.9999765
5.693669e-06	9.565687e-06	0.99998474
1.1295448e-05	0.99997866	9.991239e-06
1.2722613e-05	0.9999776	9.713289e-06
1.1703975e-05	0.99997735	1.0922328e-05
1.8603849e-05	0.9999678	1.356546e-05
0.9998319	0.00016341251	4.6985283e-06
1.5073689e-05	0.9999764	8.529013e-06
3.3185126e-05	0.9999229	4.3977998e-05
1.7161372e-05	7.231277e-06	0.99997556
7.77263e-06	7.3556453e-06	0.99998486
1.2303018e-05	0.99997616	1.1518937e-05
1.4708335e-05	0.99997604	9.329759e-06
8.78244e-06	7.3300853e-06	0.9999839
0.99998116	1.1178998e-05	7.584588e-06
6.3186576e-06	8.854648e-06	0.99998486
1.6646063e-05	0.99997425	9.019236e-06
1.5768836e-05	0.9999753	8.945644e-06
6.079755e-06	9.685917e-06	0.99998426
7.0229084e-06	8.192216e-06	0.99998474
9.440559e-06	0.99997544	1.5082791e-05
6.194032e-06	9.192222e-06	0.9999846
1.1466779e-05	0.9999726	1.602422e-05
6.155852e-06	1.6112677e-05	0.9999777
8.7528115e-06	0.9999559	3.5353918e-05
2.6126214e-05	0.9646032	0.035370756
1.37858115e-05	0.9999763	9.859175e-06
0.98611265	0.013872566	1.4772959e-05
1.2567804e-05	0.99997723	1.0199406e-05
1.4695487e-05	0.9999758	9.512881e-06
1.6680837e-05	0.9999716	1.1701375e-05
7.825726e-06	3.8064056e-05	0.9999541
1.1745324e-05	0.9999764	1.17984255e-05
7.7807035e-06	2.0962752e-05	0.9999713
2.4524038e-06	5.386189e-05	0.99994373
1.6976745e-05	0.9999745	8.616227e-06
1.6815742e-05	0.9999757	7.5075595e-06
9.222101e-06	0.99992824	6.263719e-05
7.932457e-06	8.943154e-06	0.9999831
0.001962926	0.9979966	4.042636e-05
6.848921e-06	8.385465e-06	0.99998474
3.7003065e-05	0.017727636	0.9822353
1.3000094e-05	0.99997544	1.1604901e-05
1.24788885e-05	0.99997735	1.0171558e-05
1.3578291e-05	0.99997675	9.710178e-06
6.424731e-06	8.049063e-06	0.9999856
5.9508793e-06	9.860446e-06	0.99998415
8.789008e-06	8.286809e-06	0.99998295
6.400757e-06	8.166169e-06	0.99998546
5.135223e-06	1.0296313e-05	0.9999846
1.2237055e-05	0.99997795	9.755337e-06
1.2901057e-05	0.99997747	9.708186e-06
7.2197304e-06	7.3804326e-06	0.99998546
7.591325e-06	8.329444e-06	0.999984
7.45142e-06	7.659755e-06	0.99998486
1.4460738e-05	0.9948067	0.005178859
1.2608171e-05	0.9999758	1.1539417e-05
1.4100792e-05	0.9999747	1.12468715e-05
0.9999553	3.972073e-05	5.024694e-06
1.4959183e-05	0.99997663	8.492516e-06
1.2461249e-05	0.99997807	9.448096e-06
1.35032815e-05	0.9999771	9.3773415e-06
1.20500545e-05	0.9999746	1.3338818e-05
1.1043819e-05	0.99997556	1.330878e-05
5.4741217e-06	1.0068949e-05	0.9999845
2.2849079e-05	0.9999676	9.591254e-06
5.018981e-06	9.992903e-06	0.999985
0.99995565	3.9983708e-05	4.4533745e-06
6.77657e-06	1.7116974e-05	0.99997616
1.4435754e-05	0.9999666	1.9005558e-05
0.9999474	4.9341015e-05	3.1855661e-06
9.360753e-06	7.4696645e-06	0.9999832
1.3945574e-05	0.9999771	8.9629775e-06
1.7134606e-05	0.9999739	8.924925e-06
9.050422e-06	6.671493e-06	0.99998426
7.3231668e-06	7.9820775e-06	0.99998474
5.062189e-06	1.0376037e-05	0.9999845
9.861148e-06	6.368488e-06	0.9999838
0.99997365	1.1429725e-05	1.4866667e-05
7.0711158e-06	8.1373755e-06	0.99998474
0.9999739	2.0812035e-05	5.263472e-06
5.493392e-06	2.7400818e-05	0.9999671
2.2195378e-05	0.9999659	1.1864127e-05
1.1669321e-05	0.99997795	1.0387196e-05
5.4001894e-06	9.440688e-06	0.9999852
0.9857669	0.014199753	3.3398966e-05
9.327311e-06	0.9989225	0.0010681305
8.696502e-06	9.029837e-05	0.99990094
5.429089e-06	9.888346e-06	0.99998474
7.915762e-06	7.316486e-06	0.99998474
5.555642e-06	1.0516438e-05	0.9999839
8.246307e-06	8.30128e-06	0.99998343
7.933284e-06	7.825821e-06	0.99998426
9.062485e-06	8.018778e-06	0.99998295
2.1620097e-05	0.9999684	1.0042262e-05
7.919885e-06	7.3795263e-06	0.99998474
1.3256749e-05	0.99997616	1.0665005e-05
1.0312807e-05	0.9999764	1.3191199e-05
4.6688638e-06	1.7832295e-05	0.99997747
5.169715e-06	1.1629331e-05	0.9999832
6.125644e-06	9.6911e-06	0.99998415
2.9082772e-05	0.99996316	7.696267e-06
4.525935e-06	1.2101836e-05	0.99998343
1.0783423e-05	0.99997663	1.2616697e-05
8.5247475e-06	7.002803e-06	0.9999845
1.6639047e-05	0.99997246	1.079554e-05
0.9704532	0.02953094	1.5806594e-05
0.00033328717	0.99965477	1.1954051e-05
1.8587143e-05	0.00010610426	0.9998753
1.827258e-05	0.9995772	0.00040453274
6.2640142e-06	1.0200958e-05	0.99998355
1.3585463e-05	0.99997747	8.912232e-06
0.9999707	7.3167676e-06	2.2087457e-05
1.338688e-05	0.99997604	1.0550993e-05
4.8670645e-06	1.3003281e-05	0.9999821
1.1636452e-05	0.9999783	9.995143e-06
5.2772757e-06	1.9508956e-05	0.9999752
4.7706963e-06	1.5149967e-05	0.9999801
0.00013088621	0.9998578	1.1336199e-05
3.497945e-05	0.99995136	1.36518265e-05
1.1409168e-05	0.9999759	1.2649084e-05
7.0774245e-06	0.9999467	4.6206e-05
1.2252692e-05	0.99997807	9.707794e-06
0.00773787	0.57579905	0.41646308
7.0324477e-06	1.3673159e-05	0.99997926
5.8305377e-06	1.39898275e-05	0.9999802
1.1849421e-05	0.99997675	1.1460377e-05
9.963454e-06	7.5379294e-06	0.9999825
1.0899478e-05	0.9999784	1.0684312e-05
0.0001627532	0.021503432	0.97833383
1.7926757e-05	0.9999716	1.050415e-05
1.597158e-05	0.99997616	7.896339e-06
5.1132e-06	9.938341e-06	0.999985
1.7660446e-05	0.9999745	7.809432e-06
1.689586e-05	0.0004650671	0.99951804
4.635464e-06	1.2336846e-05	0.9999831
9.058253e-06	6.9376233e-06	0.999984
2.6766525e-05	6.608275e-06	0.9999666
0.99998164	1.0371141e-05	7.989288e-06
1.2088806e-05	0.9999782	9.792923e-06
1.5919284e-05	0.99997234	1.1650273e-05
2.0726908e-05	0.9999684	1.0862895e-05
1.1574394e-05	0.99997437	1.4019623e-05
0.0005520794	0.62541026	0.37403762
7.3085366e-06	7.995174e-06	0.99998474
0.9999833	9.75126e-06	6.8917157e-06
0.909274	0.09058914	0.00013691184
1.3509494e-05	0.9999765	9.978772e-06
0.99997973	1.5174717e-05	5.118003e-06
6.7112055e-06	8.739199e-06	0.9999845
1.4211382e-05	0.9999764	9.371497e-06
1.0271784e-05	1.2728613e-05	0.999977
3.4359477e-05	0.9999566	9.07715e-06
1.1085221e-05	0.99997044	1.8462837e-05
1.1208518e-05	0.99997103	1.7812703e-05
7.55947e-06	7.759001e-06	0.9999846
1.6430458e-05	0.9999732	1.0317505e-05
1.3257294e-05	0.9999752	1.1532303e-05
1.5205973e-05	0.9999478	3.6893874e-05
6.654434e-05	0.99771595	0.002217622
1.0888273e-05	0.99997115	1.8006285e-05
0.0023639502	0.9976179	1.812991e-05
9.724017e-06	0.9999771	1.3078371e-05
8.423288e-06	8.734119e-06	0.99998283
0.987507	0.012462161	3.0788626e-05
7.8957855e-06	7.790056e-06	0.99998426
0.99996436	3.073298e-05	4.8525408e-06
0.36967394	0.63025546	7.061124e-05
6.537478e-06	8.129337e-06	0.99998534
1.2039232e-05	0.9999784	9.4931775e-06
9.344462e-06	6.8577383e-06	0.9999838
1.3914784e-05	0.9999765	9.517406e-06
1.0418009e-05	9.877853e-06	0.99997973
5.8585024e-06	2.0452258e-05	0.99997365
1.5050152e-05	0.9999758	9.170513e-06
6.5276304e-06	9.760986e-06	0.99998367
1.3183578e-05	0.9999745	1.2297014e-05
1.942136e-05	0.999925	5.5599186e-05
2.6850339e-05	0.99995923	1.3917782e-05
5.569864e-05	0.99993825	6.026035e-06
5.182282e-06	9.887075e-06	0.999985
0.00034740256	0.99961156	4.1133782e-05
1.535348e-05	0.9999751	9.523858e-06
7.992267e-05	0.103156395	0.8967637
1.9307701e-05	0.99996734	1.3341367e-05
1.2415262e-05	0.99997437	1.3239619e-05
1.4929284e-05	0.99997485	1.0204985e-05
5.5397018e-06	1.0514111e-05	0.9999839
7.2836924e-06	8.454897e-06	0.99998426
4.133718e-06	1.4577048e-05	0.9999813
5.7964216e-06	9.690013e-06	0.9999845
4.954919e-06	1.30014705e-05	0.999982
1.035506e-05	0.9999788	1.0847892e-05
5.8107735e-06	0.0006389249	0.99935526
1.3257381e-05	0.0062034493	0.99378324
5.765011e-06	9.529783e-06	0.99998474
0.999923	7.1306866e-05	5.7427387e-06
1.1550145e-05	0.99997616	1.22653655e-05
8.72473e-06	7.247417e-06	0.999984
5.6078056e-06	1.0153398e-05	0.99998426
1.8744498e-05	0.9999646	1.666261e-05
0.9999784	9.040373e-06	1.2560139e-05
1.7175827e-05	7.437903e-06	0.99997544
1.1205315e-05	0.99997795	1.0861071e-05
6.9292437e-06	8.478785e-06	0.9999846
4.487184e-06	2.4032386e-05	0.9999715
0.00025580847	0.9997353	8.898552e-06
0.9999676	2.5851552e-05	6.5164345e-06
5.395792e-06	1.060614e-05	0.999984
1.22287565e-05	0.99997675	1.09641605e-05
1.3963264e-05	0.99997747	8.599778e-06
5.6129916e-06	8.955944e-06	0.99998546
1.7178476e-05	0.99997306	9.77274e-06
1.5769638e-05	0.9999757	8.530601e-06
1.36102935e-05	0.9999676	1.8846384e-05
5.513906e-06	9.710507e-06	0.99998474
1.1637638e-05	0.9999763	1.2013414e-05
6.331247e-06	9.594962e-06	0.999984
0.013384698	0.98659456	2.0671525e-05
6.7785704e-06	7.951038e-06	0.9999852
8.176748e-06	9.669026e-06	0.9999821
0.9999614	3.2469503e-05	6.2230415e-06
3.626841e-06	0.0013233662	0.9986731
0.9999708	1.1156005e-05	1.8018183e-05
0.9922937	0.0076881223	1.8093771e-05
4.6031096e-06	1.2708454e-05	0.9999827
5.3471854e-06	1.11850795e-05	0.99998343
1.155765e-05	0.9999783	1.0094384e-05
4.5730562e-06	1.3183052e-05	0.99998224
6.359529e-06	8.963131e-06	0.9999846
1.1129094e-05	0.99997795	1.09461e-05
6.1034757e-06	1.2294511e-05	0.99998164
1.3091679e-05	0.9999765	1.0403757e-05
1.5345624e-05	0.99997354	1.1126498e-05
1.2736948e-05	0.9999783	8.9117975e-06
3.0732133e-06	0.00021596109	0.99978095
5.1438733e-06	1.0480259e-05	0.9999844
1.2638175e-05	0.99997807	9.353779e-06
2.1177282e-05	0.9999689	9.888896e-06
1.2246377e-05	0.9999479	3.9761864e-05
8.093243e-05	0.98828566	0.011633461
1.2169244e-05	0.9999763	1.1535637e-05
6.373304e-06	9.122305e-06	0.9999845
1.37915285e-05	0.9999732	1.2983166e-05
0.9999794	1.3744752e-05	6.876392e-06
1.5286636e-05	0.99997604	8.743636e-06
5.877111e-06	9.5536225e-06	0.9999846
4.215979e-06	2.0354206e-05	0.99997544
2.2540738e-05	0.99996996	7.517554e-06
1.4621421e-05	0.99997556	9.807233e-06
8.167406e-06	7.5884896e-06	0.99998426
5.3062877e-06	1.104533e-05	0.99998367
7.0003834e-06	8.817471e-06	0.99998415
1.3882077e-05	0.9999769	9.352912e-06
2.4681824e-05	0.9999678	7.5689654e-06
4.2678053e-06	1.5294592e-05	0.99998045
2.373748e-05	0.9999689	7.4188256e-06
1.1606799e-05	0.9999778	1.0550287e-05
1.2377326e-05	0.0092567755	0.9907308
8.494414e-06	8.791043e-06	0.9999827
1.1248458e-05	0.99997556	1.32790365e-05
0.9999672	2.7082238e-05	5.73135e-06
8.286411e-06	0.99997497	1.6680557e-05
1.293336e-05	0.99997675	1.0425353e-05
1.3424286e-05	0.9999769	9.6699805e-06
1.0737066e-05	0.9999771	1.2102462e-05
0.99679923	0.0031901435	1.056195e-05
9.716842e-06	6.6236184e-06	0.99998367
8.412067e-06	7.686032e-06	0.9999839
1.584295e-05	0.9999751	9.015537e-06
1.5968166e-05	0.9999759	8.101338e-06
1.5142712e-05	0.99997604	8.8041315e-06
3.2153982e-06	0.00040407514	0.9995927
1.4733091e-05	0.99997365	1.16119545e-05
1.0218533e-05	0.9999683	2.1417627e-05
1.3509752e-05	0.99997735	9.157899e-06
0.9978212	0.002170837	7.961208e-06
1.1524326e-05	0.9999746	1.3878472e-05
5.003023e-06	1.3130422e-05	0.9999819
6.1946494e-06	8.646588e-06	0.9999852
1.2515841e-05	0.99997497	1.2534978e-05
1.3947304e-05	0.9999782	7.862924e-06
1.28588135e-05	0.9954853	0.004501909
7.4429367e-06	1.1963627e-05	0.99998057
6.788505e-06	8.360314e-06	0.99998486
0.99312407	0.0068644756	1.1517906e-05
6.064749e-06	8.929579e-06	0.999985
1.0770094e-05	0.9999682	2.107524e-05
0.9153811	0.02714493	0.057473972
1.6801889e-05	0.99997544	7.722652e-06
6.011644e-06	9.174139e-06	0.99998486
1.4694524e-05	0.99997604	9.331807e-06
6.1291184e-06	1.0182016e-05	0.99998367
7.2275484e-06	9.4813795e-06	0.9999833
1.4643239e-05	0.99997604	9.284997e-06
0.9999801	9.423162e-06	1.0461411e-05
5.867555e-06	1.1805091e-05	0.99998236
6.450244e-06	8.191003e-06	0.99998534
9.447087e-06	6.7546835e-06	0.9999838
1.0133098e-05	0.9999714	1.8440225e-05
5.3770673e-06	1.2626394e-05	0.999982
1.3347236e-05	0.9999418	4.479426e-05
8.568202e-06	0.99996114	3.0308101e-05
2.813596e-05	0.9997942	0.00017767183
7.0210317e-06	8.589477e-06	0.9999844
8.108417e-06	7.4125483e-06	0.9999845
1.1144301e-05	7.1600084e-06	0.99998164
0.9999654	8.673034e-06	2.5832864e-05
1.0328353e-05	0.9999759	1.3674508e-05
4.6438213e-06	1.6336355e-05	0.999979
4.767602e-06	1.1717014e-05	0.99998355
1.0843018e-05	0.9999776	1.1595135e-05
9.769891e-06	0.99997234	1.7935936e-05
7.1431577e-06	8.028542e-06	0.99998486
3.4051962e-05	0.99995756	8.37377e-06
0.99940515	0.0005701807	2.4653966e-05
2.0338757e-05	0.9999658	1.3795295e-05
1.291733e-05	0.99997735	9.756206e-06
7.587451e-06	8.577266e-06	0.9999838
7.399134e-06	7.463946e-06	0.9999851
5.5702026e-06	1.1044506e-05	0.99998343
1.5048359e-05	0.999977	8.03604e-06
5.348118e-06	1.2339132e-05	0.99998236
0.0015035488	0.9984615	3.5032983e-05
8.268855e-06	7.07857e-06	0.9999846
3.0712165e-06	4.377688e-05	0.99995315
1.29932305e-05	0.99996984	1.7197022e-05
4.6032055e-06	3.668923e-05	0.99995875
0.52052283	0.47943205	4.508832e-05
0.5541352	0.44544703	0.00041772443
0.99998116	1.0187528e-05	8.730406e-06
9.14858e-06	8.3505e-06	0.9999825
5.0516314e-06	1.1676475e-05	0.9999833
1.8209865e-05	0.9999738	8.03704e-06
9.968159e-05	0.0017486957	0.9981516
0.9999578	2.9916648e-05	1.2318006e-05
7.932457e-06	8.943154e-06	0.9999831
1.8973149e-05	0.9999728	8.206648e-06
0.998809	8.286557e-06	0.0011826947
0.0024336614	0.005711847	0.9918544
0.8043826	0.19559559	2.1772941e-05
1.1834009e-05	0.9999751	1.3152291e-05
7.5144135e-06	7.339027e-06	0.9999851
5.361563e-06	1.0647559e-05	0.999984
9.8144465e-06	8.009462e-06	0.9999821
4.147409e-06	3.242609e-05	0.9999634
1.11710815e-05	0.99997663	1.2101926e-05
1.3223967e-05	0.9999769	9.917885e-06
9.081328e-06	7.1376685e-06	0.9999838
1.7156453e-05	0.999974	8.857169e-06
0.9950599	0.0049179313	2.2127088e-05
5.3693988e-05	0.99991894	2.7414162e-05
4.76307e-06	1.5676613e-05	0.9999796
1.2987345e-05	0.99997747	9.55483e-06
7.419184e-06	1.4476147e-05	0.99997807
1.1041485e-05	0.9999778	1.1069213e-05
4.7826547e-06	1.120845e-05	0.999984
0.9999758	1.901924e-05	5.160584e-06
0.99990237	8.504629e-05	1.2583857e-05
1.3211645e-05	0.99997544	1.1338701e-05
8.663749e-06	6.9604566e-06	0.9999844
7.822745e-06	7.20101e-06	0.999985
1.2044231e-05	0.99996614	2.1766584e-05
1.6745948e-05	0.9999745	8.780071e-06
3.43479e-06	3.0322803e-05	0.99996626
1.4039189e-05	0.9999757	1.0305121e-05
3.4256589e-06	2.1006088e-05	0.99997556
6.8366535e-06	9.276122e-06	0.9999839
