0.99997663	1.3381068e-05	9.980306e-06
9.864586e-06	0.999966	2.4131374e-05
1.1703942e-05	0.9999726	1.5794092e-05
1.47084e-05	0.99997294	1.2428275e-05
0.89619666	7.062647e-05	0.1037327
0.99997663	1.42188155e-05	9.22005e-06
0.9999765	1.4498176e-05	8.95267e-06
1.7215589e-05	0.9999597	2.3086994e-05
6.6446282e-06	1.7533031e-05	0.9999758
6.872738e-06	1.1094084e-05	0.999982
1.5007177e-05	0.9999726	1.23776335e-05
1.20025115e-05	7.9392985e-06	0.9999801
6.0118646e-06	1.8287328e-05	0.9999757
9.317343e-06	8.443205e-06	0.99998224
1.625176e-05	0.99997234	1.1469719e-05
0.00020451522	0.999778	1.7523229e-05
2.2640084e-05	0.9999665	1.0839795e-05
1.4348339e-05	0.9999715	1.4209402e-05
1.5226976e-05	0.99997294	1.1854405e-05
1.1546902e-05	8.826088e-06	0.9999796
1.4998163e-05	0.9999726	1.2368229e-05
1.2970814e-05	0.99997306	1.3945863e-05
6.9418447e-06	1.2126899e-05	0.9999809
8.637546e-06	9.030464e-06	0.99998236
7.5340126e-06	9.873784e-06	0.9999826
1.0142528e-05	8.58791e-06	0.9999813
0.99996936	2.3232436e-05	7.395857e-06
1.49737525e-05	0.9999707	1.4305316e-05
8.4819685e-06	9.121684e-06	0.99998236
1.1167785e-05	9.814043e-06	0.999979
9.483844e-06	0.0005635097	0.9994271
5.408522e-06	2.0098605e-05	0.9999745
1.3358808e-05	0.9999702	1.6435786e-05
1.11653735e-05	0.9999367	5.214491e-05
9.551009e-05	0.99989545	9.040036e-06
9.445791e-06	8.418488e-06	0.9999821
0.8742408	0.12487639	0.00088279095
1.4135856e-05	0.99997306	1.2792964e-05
9.522915e-06	1.0481752e-05	0.99998
8.516659e-06	9.242656e-06	0.99998224
1.2482848e-05	0.9999732	1.4251986e-05
5.1094867e-06	0.00011082598	0.999884
8.580987e-06	8.947116e-06	0.9999825
1.39054055e-05	0.00014021962	0.99984586
0.99997675	1.1209107e-05	1.2041579e-05
1.51118375e-05	0.999972	1.282849e-05
1.714726e-05	0.99997115	1.1722591e-05
1.5895092e-05	0.9999726	1.1592126e-05
7.5137445e-06	1.0594996e-05	0.9999819
7.887903e-06	1.0288531e-05	0.9999819
2.45003e-05	0.9999646	1.0790968e-05
6.015474e-06	2.4525738e-05	0.9999695
6.8267195e-06	1.9491632e-05	0.99997365
9.651503e-05	0.0042706826	0.9956328
1.8988918e-05	0.9999709	1.0154405e-05
1.831219e-05	0.99997056	1.1071086e-05
1.304484e-05	0.9999696	1.7371927e-05
7.792045e-06	9.305513e-06	0.99998295
2.1576552e-05	0.9999684	9.986831e-06
9.664023e-06	8.019262e-06	0.99998236
2.7912518e-05	0.9999596	1.2497163e-05
1.724412e-05	0.99997056	1.214996e-05
2.448467e-05	0.9999645	1.114547e-05
1.9487421e-05	0.99996936	1.1161012e-05
1.2165816e-05	0.9999701	1.7714261e-05
1.3724348e-05	0.9999604	2.5889833e-05
1.5646872e-05	0.99997175	1.2588512e-05
2.3971785e-05	0.9999664	9.606814e-06
8.233117e-06	9.728647e-06	0.999982
0.9999727	2.0880938e-05	6.4091837e-06
0.9997502	0.00024462168	5.139977e-06
9.444163e-06	9.189334e-06	0.9999814
9.068904e-06	8.572495e-06	0.99998236
9.661424e-06	0.00026741315	0.9997229
9.438038e-06	9.408364e-06	0.99998116
1.0095833e-05	8.3995e-06	0.9999815
1.9489027e-05	0.9999697	1.0793041e-05
0.9999751	1.652993e-05	8.350654e-06
1.2572968e-05	0.9999722	1.523728e-05
4.871538e-06	2.6154048e-05	0.999969
7.914546e-06	9.439879e-06	0.9999826
1.3378232e-05	0.99997354	1.3124229e-05
1.3655463e-05	0.9999716	1.4615856e-05
2.9319257e-05	0.9999603	1.0424405e-05
2.1308659e-05	0.99992585	5.28231e-05
6.57753e-06	1.1438359e-05	0.999982
1.0194781e-05	0.99994624	4.3514185e-05
7.575709e-06	9.6035e-06	0.99998283
0.9999757	1.073271e-05	1.3605225e-05
6.734077e-06	1.1144051e-05	0.9999821
1.7318442e-05	0.9999713	1.1447217e-05
8.560511e-06	9.131912e-06	0.99998236
0.00023894644	0.99974865	1.2337543e-05
6.051437e-06	1.2725558e-05	0.99998116
1.3243678e-05	0.999972	1.4751498e-05
7.899628e-06	9.605164e-06	0.9999825
0.00029235968	0.99969375	1.3958024e-05
1.3255864e-05	0.99997234	1.4412205e-05
6.9038006e-06	1.05737145e-05	0.9999825
1.1867874e-05	0.9999716	1.6458676e-05
0.9999765	1.2262399e-05	1.1165659e-05
9.192834e-06	9.214478e-06	0.99998164
1.2817705e-05	0.99997294	1.41546325e-05
9.6757885e-06	0.9998915	9.881585e-05
9.0352205e-06	8.480223e-06	0.9999825
0.99997663	1.2632577e-05	1.0784657e-05
0.99997723	1.1716493e-05	1.11026475e-05
0.999977	1.30502e-05	1.0017689e-05
1.1801575e-05	0.9999696	1.8632345e-05
1.4275335e-05	0.99996126	2.44827e-05
1.1443284e-05	0.99997187	1.6657757e-05
0.99996746	1.2503747e-05	2.005261e-05
0.9999465	7.1506397e-06	4.634143e-05
1.1999798e-05	0.99997234	1.5642465e-05
8.2802e-06	9.246318e-06	0.9999825
1.6422327e-05	0.9999722	1.1308212e-05
0.99997675	1.0885552e-05	1.2407859e-05
2.8843415e-05	0.99996066	1.0490159e-05
0.04551509	0.00021196237	0.954273
9.003521e-06	0.99994314	4.777242e-05
1.1637165e-05	0.999969	1.9351293e-05
6.4986057e-06	1.1502143e-05	0.999982
2.0303081e-05	0.99996877	1.1010228e-05
1.51870945e-05	0.999972	1.2821043e-05
1.7334616e-05	0.99997103	1.1676654e-05
1.5587673e-05	0.999972	1.2404854e-05
1.0356858e-05	7.845843e-06	0.99998176
1.1941574e-05	0.9999684	1.9613552e-05
1.1389646e-05	1.0529955e-05	0.99997807
1.3253702e-05	0.9999676	1.9172367e-05
1.065659e-05	0.9999697	1.9689029e-05
4.9689456e-06	6.720987e-05	0.99992776
0.23097964	6.0360268e-05	0.76896
1.5195987e-05	0.9999727	1.22044285e-05
9.162115e-06	0.9999598	3.0945976e-05
1.7199407e-05	0.9999702	1.2637183e-05
1.06555535e-05	0.99988675	0.00010256953
6.3458624e-06	1.352616e-05	0.9999801
6.5946792e-06	1.298461e-05	0.99998045
8.384551e-06	0.999931	6.0685787e-05
9.626235e-06	0.9999527	3.7685717e-05
3.1261512e-05	0.9999584	1.0365569e-05
0.9997447	0.0002507284	4.5762754e-06
0.9999609	3.2887398e-05	6.1509136e-06
8.867842e-06	9.856995e-06	0.9999813
1.0936282e-05	8.5399784e-05	0.9999037
5.8158407e-06	1.4500338e-05	0.99997973
5.0918836e-05	0.99994004	9.105385e-06
1.15522835e-05	9.279263e-06	0.99997914
2.1056643e-05	0.99996936	9.484648e-06
9.034583e-06	0.9994524	0.0005385593
9.379359e-06	9.061608e-06	0.9999815
0.99997735	1.2350019e-05	1.0304096e-05
9.979111e-06	8.057652e-06	0.999982
1.0108868e-05	8.422369e-06	0.9999815
7.843867e-06	9.58285e-06	0.9999826
0.99997735	1.1920983e-05	1.0709282e-05
9.077771e-06	8.840144e-06	0.9999821
1.1895598e-05	0.99997234	1.5703718e-05
9.349437e-06	8.610149e-06	0.999982
1.3119279e-05	0.99997306	1.3779696e-05
5.717034e-06	1.4967627e-05	0.99997926
0.0002594522	0.9984018	0.0013387767
5.778494e-06	1.3644259e-05	0.99998057
5.848606e-06	1.361021e-05	0.99998057
0.99997544	1.6943037e-05	7.6123133e-06
1.6504438e-05	0.9999682	1.5335665e-05
0.42179495	0.57760036	0.0006046648
1.7744116e-05	0.99997175	1.0489295e-05
1.6041235e-05	0.99997246	1.1474239e-05
1.5316988e-05	0.9999732	1.15144985e-05
8.9971645e-06	8.408687e-06	0.9999826
0.99997604	1.5899423e-05	8.1574835e-06
1.7545806e-05	0.9999708	1.1716552e-05
1.629921e-05	0.99997246	1.1222557e-05
7.770016e-06	9.870996e-06	0.99998236
1.09968405e-05	0.99996984	1.9250368e-05
8.876313e-06	8.6312075e-06	0.9999825
1.3879522e-05	0.99996257	2.3566312e-05
8.392272e-06	1.0855759e-05	0.9999808
8.914765e-06	8.851973e-06	0.99998224
6.3106754e-06	1.2064074e-05	0.99998164
9.179013e-06	9.863528e-06	0.9999809
5.340572e-06	1.6771577e-05	0.99997795
8.601812e-06	9.211858e-06	0.99998224
1.2459357e-05	8.742583e-06	0.9999788
1.288344e-05	0.9999728	1.4323476e-05
5.0454222e-05	0.9997991	0.00015054416
1.2849905e-05	0.9999738	1.3326817e-05
1.8672172e-05	0.99997044	1.0827069e-05
6.1930923e-06	2.5441876e-05	0.9999684
1.1648816e-05	0.9999683	2.002677e-05
7.601694e-06	1.0061805e-05	0.99998236
6.5520226e-06	0.00020613887	0.9997873
1.875741e-05	0.9999684	1.2931439e-05
9.04281e-06	9.013803e-06	0.999982
1.3009147e-05	0.999961	2.6027565e-05
5.760737e-06	1.5671872e-05	0.99997854
1.1060967e-05	0.9999651	2.3821163e-05
1.3642787e-05	0.99997187	1.4521299e-05
0.9999758	1.48703575e-05	9.2904065e-06
1.1391957e-05	8.987473e-06	0.9999796
6.201843e-06	2.871989e-05	0.9999651
1.6714055e-05	0.99997175	1.1537202e-05
1.1802931e-05	0.9999691	1.9121178e-05
5.659257e-06	2.2724675e-05	0.9999716
1.199991e-05	0.9999455	4.2413256e-05
0.9999765	1.4832424e-05	8.667979e-06
6.787977e-06	1.0718871e-05	0.9999825
8.275584e-06	9.0354715e-06	0.9999827
1.8040799e-05	0.99997103	1.0999067e-05
1.1942915e-05	0.999972	1.610584e-05
0.00013839544	0.99984705	1.4485575e-05
1.3010756e-05	0.9999732	1.3803793e-05
0.9999167	7.807823e-05	5.224105e-06
6.469319e-06	1.18061425e-05	0.99998176
2.2227448e-05	0.9965586	0.0034191802
5.7256243e-06	1.7523202e-05	0.99997675
2.7321144e-05	0.9999609	1.185615e-05
4.682735e-06	2.0848243e-05	0.9999745
8.5053225e-06	8.867328e-06	0.9999826
1.9085259e-05	0.99997044	1.0467687e-05
1.4195439e-05	0.99997354	1.2326192e-05
6.592197e-06	1.6494401e-05	0.9999769
1.241621e-05	0.9999677	1.9890398e-05
1.1945112e-05	0.999972	1.6150507e-05
1.4523072e-05	0.9999728	1.2608806e-05
5.4695806e-06	1.5821957e-05	0.99997866
8.423612e-06	9.3162325e-06	0.99998224
1.5478114e-05	0.99997294	1.1586503e-05
1.9239284e-05	0.9999651	1.5738311e-05
1.5479358e-05	0.9999722	1.230852e-05
1.547876e-05	0.9999727	1.18094595e-05
1.1218012e-05	0.9999708	1.8040088e-05
1.2209957e-05	0.9999708	1.7015744e-05
0.00026349386	0.99971896	1.7514041e-05
7.697141e-06	9.994687e-06	0.99998236
1.9591374e-05	0.9999691	1.1379078e-05
1.2566124e-05	0.9999684	1.9030893e-05
0.99996793	2.4549496e-05	7.522114e-06
1.3219544e-05	0.9999733	1.35037835e-05
1.6687496e-05	0.9999721	1.1262084e-05
7.937686e-06	1.0118248e-05	0.999982
1.17451045e-05	0.99997103	1.7107697e-05
4.9361565e-06	2.5584997e-05	0.9999695
1.7294478e-05	0.99996746	1.52503635e-05
1.0159583e-05	0.99996483	2.5074736e-05
1.3939667e-05	0.99997115	1.4842221e-05
0.9999732	1.5086684e-05	1.1705166e-05
7.731732e-06	0.0011242672	0.998868
0.9999739	1.8323572e-05	7.776867e-06
1.4609883e-05	0.99997294	1.2358801e-05
8.18736e-06	9.7080365e-06	0.9999821
1.981431e-05	0.99996495	1.5232709e-05
1.1122806e-05	7.679506e-06	0.99998116
1.1922372e-05	0.99997187	1.622869e-05
0.00026712217	0.99972326	9.658424e-06
3.078543e-05	0.9999567	1.2575112e-05
1.406163e-05	7.5616076e-06	0.9999784
7.855746e-06	9.802943e-06	0.99998236
8.975481e-06	0.9999405	5.0510753e-05
6.3225066e-06	2.3425167e-05	0.9999702
2.2385897e-05	0.9999652	1.2422468e-05
1.3813423e-05	9.896941e-06	0.9999763
1.2369684e-05	0.99996614	2.14921e-05
0.99997675	1.304619e-05	1.0217917e-05
0.9998857	0.000108709646	5.5985433e-06
9.748387e-06	8.684365e-06	0.9999815
8.737704e-06	9.045581e-06	0.99998224
0.99997485	1.5539537e-05	9.708068e-06
1.0042988e-05	0.99996924	2.075438e-05
1.1322526e-05	8.378082e-06	0.99998033
1.6224065e-05	0.9999728	1.0985521e-05
0.99997604	1.6299795e-05	7.5703565e-06
9.268236e-06	9.5466685e-06	0.99998116
1.0205166e-05	2.58503e-05	0.999964
2.8542729e-05	0.019087678	0.9808837
8.581706e-06	0.00018455918	0.99980694
1.1617391e-05	0.9999707	1.7715825e-05
1.482168e-05	0.9999682	1.698995e-05
7.6293936e-06	9.953918e-06	0.99998236
1.4512172e-05	0.99997354	1.1891199e-05
2.0076714e-05	0.9999671	1.2863662e-05
2.1967699e-05	0.99996316	1.4852836e-05
9.017301e-06	9.144404e-06	0.9999819
7.1041677e-06	0.00020660904	0.9997863
9.031085e-06	8.543864e-06	0.9999825
5.2159626e-06	2.4324343e-05	0.99997044
7.628492e-06	1.1021115e-05	0.9999814
9.984498e-06	8.184898e-06	0.9999819
7.911755e-06	9.280183e-06	0.99998283
6.625286e-06	1.1650216e-05	0.99998176
2.6609989e-05	0.99992335	5.0105395e-05
0.99995947	3.344305e-05	7.0051733e-06
0.99997675	1.2884205e-05	1.0362389e-05
8.558331e-06	9.026917e-06	0.99998236
5.2856376e-06	5.663957e-05	0.99993813
1.9836361e-05	0.999969	1.1146531e-05
5.593805e-06	1.4153318e-05	0.9999802
8.390457e-06	8.822809e-06	0.99998283
7.001455e-06	5.425436e-05	0.9999387
1.2833148e-05	0.9999734	1.3741328e-05
1.6069625e-05	0.9999716	1.2227703e-05
6.83304e-06	1.8214194e-05	0.99997497
3.571659e-05	0.99995005	1.41377695e-05
1.3161843e-05	0.99997246	1.4482502e-05
8.322427e-06	9.4463785e-06	0.99998224
7.498931e-06	9.892541e-06	0.9999826
9.197598e-06	8.950414e-06	0.9999819
7.815635e-06	1.142948e-05	0.9999808
1.2971277e-05	0.9999716	1.5351332e-05
5.0899334e-06	2.545297e-05	0.9999695
1.9246772e-05	0.99997103	9.833e-06
1.4347546e-05	0.9999715	1.4165713e-05
9.785963e-06	0.99996245	2.773159e-05
8.9114665e-06	9.000163e-06	0.9999821
8.3607165e-06	9.019724e-06	0.9999826
9.022492e-06	8.623925e-06	0.99998236
1.3623209e-05	0.99997306	1.3397403e-05
1.2055014e-05	0.9999665	2.1438227e-05
9.6154035e-06	8.682412e-06	0.99998176
1.6334194e-05	0.9999727	1.0985519e-05
1.3003198e-05	0.9999728	1.4129479e-05
1.9070874e-05	0.9999708	1.0124273e-05
1.5030615e-05	0.99997294	1.2058793e-05
1.03685525e-05	0.9999572	3.2450665e-05
1.4269643e-05	0.9999734	1.2327965e-05
0.9999764	1.5490188e-05	8.150021e-06
4.0679366e-05	0.9999498	9.558723e-06
1.6043134e-05	0.9999726	1.1310028e-05
2.0183874e-05	0.9999689	1.095097e-05
1.3740257e-05	9.756161e-06	0.9999765
1.8503832e-05	0.9999701	1.1418135e-05
1.4127072e-05	0.9999722	1.3575575e-05
1.2300589e-05	8.731888e-06	0.999979
3.96862e-05	0.9999516	8.7122e-06
7.487187e-06	1.04179935e-05	0.9999821
1.7382457e-05	0.99996996	1.2600284e-05
1.6540167e-05	0.99997234	1.1097036e-05
1.5508196e-05	0.99997294	1.1564998e-05
0.99997675	1.176148e-05	1.1389034e-05
8.816393e-06	9.014784e-06	0.9999821
8.6852515e-06	9.678921e-06	0.99998164
5.179183e-05	0.9999374	1.08124095e-05
5.0817694e-06	8.002805e-05	0.9999149
0.98632336	0.01365527	2.1457316e-05
7.684284e-06	9.9539375e-06	0.99998236
6.5286413e-06	1.21281855e-05	0.9999813
1.9310568e-05	0.99996984	1.08232425e-05
8.082314e-06	9.462105e-06	0.9999825
1.0167819e-05	0.9999559	3.3952096e-05
0.9994486	2.682821e-05	0.0005245635
8.605383e-06	0.0019448689	0.9980465
0.99997604	1.5328593e-05	8.597093e-06
1.51528075e-05	0.99997294	1.1899429e-05
1.927319e-05	0.9999702	1.0486829e-05
0.76582205	0.23411764	6.0241935e-05
1.3922902e-05	0.9999703	1.5676436e-05
8.524293e-06	8.886181e-06	0.9999826
0.9999726	2.0426076e-05	7.0313213e-06
0.999977	1.3084733e-05	9.8740775e-06
1.0411839e-05	8.09935e-06	0.9999815
0.99997735	1.2821234e-05	9.81134e-06
6.5529753e-06	1.1252234e-05	0.99998224
7.853659e-06	9.497155e-06	0.9999826
3.817308e-05	0.9883853	0.011576505
1.5431042e-05	0.9999722	1.2357214e-05
0.99997663	1.082443e-05	1.2525869e-05
1.2971904e-05	0.9999722	1.480719e-05
1.388706e-05	0.9999734	1.280575e-05
1.4988269e-05	0.99997175	1.319685e-05
6.26076e-06	1.29284435e-05	0.9999808
1.338099e-05	0.9999727	1.3979893e-05
1.4786024e-05	0.9999732	1.2030149e-05
0.9999765	1.4630487e-05	8.853889e-06
8.340006e-06	1.0704247e-05	0.9999809
1.2198486e-05	0.99997306	1.4742964e-05
1.8237666e-05	0.9999696	1.2203261e-05
1.4457156e-05	0.99997175	1.3832475e-05
5.407554e-06	3.8992024e-05	0.99995565
1.1293132e-05	0.9999683	2.0393561e-05
0.99997723	1.3957896e-05	8.844968e-06
6.692892e-06	0.0003331212	0.99966013
6.6006273e-06	2.7053355e-05	0.9999664
5.5707437e-06	1.6806893e-05	0.9999776
9.824037e-06	7.97381e-06	0.99998224
9.1007405e-06	8.92047e-06	0.999982
1.5237981e-05	0.9999715	1.3174375e-05
0.9999572	2.324727e-05	1.954529e-05
9.116858e-06	0.99995375	3.7156453e-05
1.539071e-05	0.9999728	1.17669315e-05
2.2766504e-05	0.9999386	3.857173e-05
2.3831972e-05	0.9999658	1.0330661e-05
0.00015660991	0.9998166	2.6808873e-05
1.0742478e-05	8.028966e-06	0.9999813
1.0410515e-05	8.393565e-06	0.99998116
1.46877865e-05	0.9999733	1.20423065e-05
7.3877472e-06	1.0284807e-05	0.99998236
1.7090762e-05	0.9989479	0.0010349094
6.5236463e-06	1.568526e-05	0.9999778
1.5052125e-05	0.99997246	1.2535987e-05
1.1615663e-05	0.99996877	1.9630214e-05
0.9999695	2.292827e-05	7.664827e-06
1.388773e-05	0.99997103	1.5041455e-05
9.5142705e-06	8.798414e-06	0.99998164
1.3597899e-05	0.999974	1.2372589e-05
9.155414e-06	0.00014073747	0.99985003
1.8162642e-05	0.99997103	1.0816074e-05
8.679634e-06	0.9999565	3.4768007e-05
6.8822883e-06	3.0214653e-05	0.9999629
9.881388e-06	8.1829085e-06	0.9999819
2.0255062e-05	0.9999697	9.955967e-06
1.5207173e-05	0.99997234	1.2412325e-05
1.8688002e-05	0.9999702	1.1058925e-05
2.3533754e-05	0.99996674	9.822574e-06
7.212628e-06	1.0298726e-05	0.9999825
1.7144728e-05	0.9999713	1.1609113e-05
6.120106e-06	1.6834298e-05	0.999977
6.6674284e-06	1.1017131e-05	0.99998236
6.0603456e-06	5.5278855e-05	0.9999386
6.6819666e-06	1.1127179e-05	0.99998224
8.198573e-06	9.627886e-06	0.9999821
5.0802202e-05	0.9470253	0.052923866
1.6701986e-05	0.99997234	1.0944335e-05
0.9999709	2.2674585e-05	6.4553697e-06
0.99997604	1.4432174e-05	9.542206e-06
1.15148805e-05	0.999972	1.6415042e-05
2.0581807e-05	0.999967	1.2385913e-05
8.8927545e-06	9.061077e-06	0.999982
1.3383594e-05	7.18792e-06	0.9999794
0.24861032	0.7513294	6.0277634e-05
1.2156336e-05	0.9999602	2.76504e-05
1.3813249e-05	0.9999714	1.4758709e-05
6.9136695e-06	1.2618321e-05	0.99998045
7.2321322e-06	1.1424789e-05	0.9999813
0.99993575	5.8281803e-05	5.9860913e-06
1.3927576e-05	0.9999732	1.2829081e-05
1.0009173e-05	8.046885e-06	0.999982
0.9999764	1.1374105e-05	1.2227587e-05
7.339418e-06	1.0481515e-05	0.99998224
1.5174239e-05	0.99997294	1.1879632e-05
6.5289164e-06	1.2038018e-05	0.9999814
1.6239092e-05	0.9999726	1.1212962e-05
1.5840254e-05	0.9999728	1.1332887e-05
1.6964103e-05	0.9999715	1.1515786e-05
5.9165063e-06	1.7753995e-05	0.9999763
1.2101356e-05	0.99997246	1.5364261e-05
1.083603e-05	8.587937e-06	0.99998057
7.1591744e-06	0.000108522945	0.99988425
6.848682e-06	1.1891723e-05	0.9999813
7.251278e-06	1.0141091e-05	0.9999826
1.9131034e-05	0.99997044	1.0456292e-05
1.1544249e-05	0.9999691	1.9346759e-05
1.9800449e-05	0.99996996	1.0255062e-05
1.9029589e-05	0.9998789	0.000102058606
2.0607466e-05	0.9997662	0.00021325187
0.99997616	1.0507414e-05	1.3387917e-05
1.4238574e-05	0.9999691	1.6731601e-05
1.5240434e-05	0.9999713	1.3433689e-05
8.143544e-06	9.543149e-06	0.99998236
5.2429978e-06	1.7771017e-05	0.999977
1.0504176e-05	7.750282e-06	0.99998176
0.99996555	2.613526e-05	8.318732e-06
4.831245e-06	2.6007132e-05	0.9999691
1.4757306e-05	0.9999517	3.3463468e-05
1.2437873e-05	8.407198e-06	0.99997914
5.680795e-06	2.265718e-05	0.9999716
0.0038685533	0.9961188	1.26478235e-05
1.5824204e-05	0.9999708	1.3378424e-05
0.0122509245	0.51851594	0.46923316
0.9999616	3.202586e-05	6.34298e-06
0.9998423	0.00015326754	4.4609114e-06
8.188432e-06	9.482401e-06	0.99998236
4.0417493e-05	0.966225	0.033734553
9.502684e-06	8.580924e-06	0.9999819
1.3178119e-05	0.99997234	1.4380545e-05
1.3901929e-05	0.9999726	1.3471835e-05
1.6380376e-05	0.00072736194	0.9992562
1.1007653e-05	8.126735e-06	0.9999808
2.382003e-05	0.99996626	9.877871e-06
1.4298399e-05	0.9999734	1.2223597e-05
5.3235462e-06	1.7809818e-05	0.9999769
1.4180729e-05	0.9999733	1.25277265e-05
0.9999689	2.2923996e-05	8.169976e-06
0.00016983827	0.999821	9.220883e-06
1.4205671e-05	0.99997306	1.277664e-05
1.4428728e-05	0.9999728	1.2788217e-05
1.4456269e-05	0.99997056	1.5070855e-05
1.3043796e-05	0.99997246	1.4572181e-05
6.718851e-06	1.0837849e-05	0.9999825
0.9999696	1.0474609e-05	1.9887213e-05
1.7576436e-05	0.9999707	1.1761375e-05
7.5113767e-06	1.0146757e-05	0.99998236
3.2568645e-05	0.008186126	0.9917813
4.1356852e-05	0.99505013	0.004908425
1.0617458e-05	0.99996924	2.0172778e-05
1.3889617e-05	0.99997246	1.3565949e-05
5.9972735e-06	2.1022708e-05	0.99997294
5.51259e-06	2.8088549e-05	0.9999664
7.686308e-06	9.865698e-06	0.9999825
9.181694e-06	8.758953e-06	0.9999821
5.718156e-06	1.716433e-05	0.9999771
1.3384704e-05	0.9999727	1.3915899e-05
1.3252301e-05	0.99997246	1.4258351e-05
9.837011e-06	0.9999659	2.4201248e-05
1.404419e-05	0.9999732	1.2792137e-05
0.0001266355	0.99985564	1.7744831e-05
6.529307e-06	1.1455224e-05	0.999982
0.999977	1.397181e-05	9.077846e-06
8.210038e-05	0.99990475	1.3116469e-05
1.50088845e-05	0.99997187	1.3060729e-05
0.00043169255	0.9995548	1.3484571e-05
7.949535e-06	9.965067e-06	0.9999821
1.48413255e-05	1.3330935e-05	0.99997187
1.5080728e-05	0.9999732	1.1689614e-05
0.9986488	0.0013444305	6.7891265e-06
1.28562615e-05	0.9999733	1.3770333e-05
8.326185e-06	9.950457e-06	0.99998176
0.999966	2.833858e-05	5.648571e-06
1.3034217e-05	0.9999722	1.4797887e-05
1.3282977e-05	0.99997187	1.4952679e-05
1.7584955e-05	0.99996984	1.2469029e-05
7.394768e-06	1.02172835e-05	0.99998236
8.435956e-06	8.972537e-06	0.9999826
7.6026104e-06	1.0694327e-05	0.99998176
3.8649163e-05	1.0352659e-05	0.999951
5.2973237e-06	1.9546613e-05	0.9999752
1.4914237e-05	0.012799519	0.98718554
0.9956247	1.0823901e-05	0.0043644793
6.6297966e-06	1.1167129e-05	0.99998224
5.6012977e-06	1.9265584e-05	0.9999751
1.1990188e-05	0.99997234	1.5603177e-05
1.8058648e-05	0.9999701	1.1921339e-05
8.949261e-06	0.9999523	3.8714625e-05
7.386622e-06	1.1866295e-05	0.9999807
9.856505e-06	9.125771e-06	0.99998105
6.4935552e-06	1.4609204e-05	0.9999789
1.5973596e-05	0.9999726	1.1416074e-05
1.582057e-05	0.999972	1.21349685e-05
1.3984803e-05	0.99997294	1.3169006e-05
1.2088999e-05	0.9999722	1.5710231e-05
9.279851e-06	8.36811e-06	0.99998236
8.880337e-06	9.191171e-06	0.9999819
1.4175344e-05	0.9999703	1.5469544e-05
8.759366e-06	8.6594055e-06	0.9999826
0.99997616	1.1683453e-05	1.2189836e-05
6.377885e-06	1.5382004e-05	0.9999782
1.522899e-05	7.4383147e-06	0.99997735
1.15749335e-05	0.99996376	2.4659634e-05
6.629586e-06	1.3265326e-05	0.9999801
6.6133075e-06	1.218562e-05	0.99998116
1.315091e-05	0.9999721	1.4821753e-05
9.103353e-06	0.9999609	3.0097312e-05
1.6904201e-05	0.99997246	1.0651082e-05
1.4190881e-05	7.2118496e-06	0.99997854
1.5984813e-05	0.99997175	1.2245594e-05
0.00010933908	0.9997415	0.00014923375
1.2959315e-05	0.9999721	1.4935809e-05
8.128266e-06	9.515384e-06	0.99998236
5.66257e-06	2.4987194e-05	0.99996936
9.741192e-06	0.99996114	2.9031227e-05
0.99997735	1.1788156e-05	1.0892827e-05
8.8062025e-06	8.708921e-06	0.9999825
7.656117e-06	9.531065e-06	0.99998283
1.5243856e-05	0.99997175	1.296496e-05
9.492043e-06	8.3339655e-06	0.9999821
7.264977e-06	1.013614e-05	0.9999826
1.42751205e-05	0.99997294	1.2795562e-05
9.04281e-06	9.013803e-06	0.999982
1.16218525e-05	0.99995697	3.1503892e-05
1.9845807e-05	0.9999702	9.985459e-06
1.833477e-05	0.9999696	1.2084438e-05
2.7624616e-05	0.9999628	9.544691e-06
2.3140341e-05	0.9999666	1.0268132e-05
0.9999764	1.5450074e-05	8.1509e-06
0.007833232	0.5571667	0.43500006
0.9999759	1.0496635e-05	1.3618365e-05
0.0032275973	1.673267e-05	0.99675566
1.05641575e-05	8.203469e-06	0.9999813
0.0035014933	0.9964635	3.5069337e-05
1.3917393e-05	0.9999722	1.3861164e-05
1.3839173e-05	0.9999733	1.2890686e-05
7.725329e-06	9.793524e-06	0.9999825
1.4807986e-05	0.9999678	1.7417016e-05
9.046541e-06	8.498787e-06	0.9999825
8.797717e-06	8.760644e-06	0.9999825
1.3486472e-05	0.9999732	1.3303367e-05
1.07049555e-05	7.99404e-06	0.9999813
1.02710865e-05	0.0014138499	0.9985759
0.99997663	1.2526611e-05	1.0897765e-05
9.807363e-06	8.036502e-06	0.9999821
1.9605895e-05	0.99996996	1.0492869e-05
7.9242345e-06	9.512012e-06	0.9999826
1.3344855e-05	0.9999732	1.3490266e-05
8.938982e-06	8.383329e-06	0.9999827
0.99997616	1.5515703e-05	8.356638e-06
5.1267357e-06	3.467218e-05	0.9999602
7.684147e-06	9.724015e-06	0.9999826
7.5676367e-06	1.0402703e-05	0.999982
1.2915142e-05	0.9999709	1.6241711e-05
1.7319415e-05	0.9999702	1.2564888e-05
1.8691395e-05	0.9999676	1.3754517e-05
2.2073711e-05	0.9999652	1.2793546e-05
1.0217305e-05	8.195176e-06	0.99998164
5.959164e-06	1.678635e-05	0.99997723
1.950437e-05	0.99996996	1.0513072e-05
7.4387685e-06	1.7174354e-05	0.99997544
7.089192e-06	1.3745392e-05	0.99997914
9.57188e-06	7.963842e-06	0.9999825
2.905695e-05	0.9999609	1.0061983e-05
2.1561573e-05	0.9999672	1.12442995e-05
3.0623916e-05	0.9999589	1.0533458e-05
1.2625099e-05	0.99996805	1.928738e-05
8.733137e-06	1.1031312e-05	0.9999802
0.99996805	1.0426335e-05	2.159944e-05
0.99997556	1.5149639e-05	9.331001e-06
1.8862816e-05	0.9999703	1.0848804e-05
1.3513871e-05	0.9999695	1.7076685e-05
2.1331503e-05	0.99996734	1.1297872e-05
1.5665784e-05	0.99997234	1.2074022e-05
1.769796e-05	0.9999621	2.0299054e-05
8.853258e-06	8.711057e-06	0.9999825
1.789541e-05	0.99997056	1.1553496e-05
8.926296e-06	8.5099555e-06	0.9999826
5.4606976e-06	7.625366e-05	0.9999182
1.838008e-05	0.9999708	1.0847743e-05
0.9999752	1.1545861e-05	1.3286328e-05
6.9463536e-06	1.3257987e-05	0.99997985
1.5624e-05	0.9999728	1.1581862e-05
9.105131e-06	8.350844e-06	0.9999826
6.07767e-05	0.999925	1.4242672e-05
0.9999763	1.5235961e-05	8.464406e-06
7.2073226e-06	1.2671933e-05	0.9999801
1.6651813e-05	0.99997246	1.0860618e-05
0.99997616	1.5784692e-05	8.112827e-06
1.4559426e-05	0.9999732	1.22889805e-05
1.1399107e-05	0.99997103	1.7505463e-05
1.4431487e-05	0.9999733	1.22697875e-05
2.2950308e-05	0.99996686	1.0097793e-05
7.552667e-05	0.9888637	0.011060704
1.5611968e-05	0.99997294	1.1385363e-05
6.8197614e-06	1.1140194e-05	0.999982
0.8940346	0.105255656	0.00070971955
1.50847145e-05	0.9999685	1.6305334e-05
9.432864e-06	8.467347e-06	0.9999821
1.4019109e-05	0.99997294	1.2996604e-05
1.0169546e-05	8.200234e-06	0.99998164
0.999977	1.1270476e-05	1.1666539e-05
7.835188e-06	1.04432775e-05	0.99998176
1.2582653e-05	0.9999716	1.5746671e-05
1.3891554e-05	0.9999727	1.3357823e-05
1.7363258e-05	0.9999702	1.2366573e-05
1.4293531e-05	0.99997056	1.5090227e-05
6.831703e-06	1.1642206e-05	0.9999815
1.5690503e-05	0.9999707	1.362562e-05
5.45199e-06	1.8456636e-05	0.99997604
0.99997663	1.1775924e-05	1.1584866e-05
0.05612982	0.94380546	6.470263e-05
1.4672316e-05	0.99997234	1.2996696e-05
0.00011760925	0.99987173	1.0649705e-05
5.757643e-06	0.00012862978	0.99986565
1.31749575e-05	0.9999728	1.3892961e-05
5.5612204e-06	3.0383668e-05	0.999964
1.34015445e-05	0.9999732	1.3412681e-05
7.1212353e-06	1.085835e-05	0.999982
5.4590073e-06	1.5907683e-05	0.99997866
8.0115915e-06	9.245888e-06	0.9999827
8.905447e-06	8.544476e-06	0.9999826
1.4135499e-05	0.9999726	1.31745655e-05
1.0261936e-05	9.629924e-06	0.9999801
8.92907e-06	8.693163e-06	0.99998236
0.9999491	4.411298e-05	6.838007e-06
1.2914407e-05	8.156262e-06	0.9999789
1.098634e-05	7.400428e-06	0.99998164
1.348217e-05	0.9999708	1.5775715e-05
1.6994769e-05	0.9999714	1.1615162e-05
1.2440565e-05	7.6030897e-06	0.99998
6.1424307e-06	1.5009834e-05	0.9999789
1.4941187e-05	0.9999678	1.7231512e-05
1.6749895e-05	0.99997175	1.1447681e-05
9.446538e-06	8.516713e-06	0.999982
5.432269e-06	2.1309364e-05	0.9999733
2.7302114e-05	0.9999603	1.2381626e-05
1.7208617e-05	0.9999715	1.1311677e-05
1.1010934e-05	0.99996984	1.9171825e-05
1.8455808e-05	0.9999702	1.1378168e-05
1.5191149e-05	0.9999728	1.2005893e-05
0.98825943	0.011722006	1.8578832e-05
9.795688e-06	8.158691e-06	0.999982
7.4089307e-06	9.916771e-06	0.9999827
1.4169851e-05	0.9999727	1.3140098e-05
8.071173e-06	9.635493e-06	0.99998224
1.4302783e-05	0.999972	1.37598245e-05
6.177042e-06	1.3098228e-05	0.9999807
5.6291337e-06	2.8689874e-05	0.99996567
0.99997437	1.1150929e-05	1.4408826e-05
1.455112e-05	0.99996626	1.9222762e-05
1.6089278e-05	0.99997115	1.2721039e-05
1.1871341e-05	0.9999671	2.098815e-05
7.267632e-06	1.1005742e-05	0.99998176
1.6188971e-05	0.9999714	1.2435394e-05
1.0253625e-05	0.99995947	3.0318342e-05
8.545472e-06	8.769548e-06	0.9999827
1.47201235e-05	0.9999733	1.2039333e-05
1.5950278e-05	0.9999728	1.1242368e-05
1.1983475e-05	0.99997306	1.4932235e-05
1.5377283e-05	0.99996984	1.4727304e-05
0.0012050464	0.9987734	2.1547625e-05
1.0607384e-05	0.9999697	1.962252e-05
2.3221042e-05	0.99991465	6.213521e-05
1.7337154e-05	8.24381e-06	0.99997437
1.0028558e-05	8.197733e-06	0.99998176
1.7926921e-05	0.9999703	1.1853866e-05
1.2795269e-05	0.99997294	1.4269935e-05
8.492134e-06	9.145543e-06	0.99998236
0.99997663	1.2493038e-05	1.0849638e-05
7.861084e-06	9.58583e-06	0.9999826
1.4140557e-05	0.9999727	1.3122429e-05
1.6453547e-05	0.99996984	1.3697175e-05
5.1840857e-06	3.1878724e-05	0.9999629
1.0138951e-05	9.272633e-06	0.99998057
1.4712206e-05	0.9999722	1.3160709e-05
7.2188427e-06	1.0205687e-05	0.9999826
1.8478078e-05	0.9999708	1.0733783e-05
8.002835e-06	2.224223e-05	0.9999697
1.0381646e-05	0.9999546	3.5090994e-05
8.404917e-06	0.0003638724	0.9996277
1.3654387e-05	0.9999701	1.6195374e-05
1.8176417e-05	0.9999701	1.1813381e-05
1.7832514e-05	0.9999715	1.0561666e-05
1.4725111e-05	0.9999726	1.2689941e-05
1.7969794e-05	0.9999709	1.1103838e-05
1.1522336e-05	0.9999716	1.676306e-05
1.7760993e-05	0.9999715	1.068546e-05
5.95926e-06	1.5908056e-05	0.9999782
4.5390407e-06	5.0119255e-05	0.9999453
1.1686157e-05	0.99997103	1.7249587e-05
2.0981664e-05	0.99996805	1.1016796e-05
1.4751087e-05	1.064419e-05	0.9999746
8.8814795e-06	8.548755e-06	0.9999826
2.4141069e-05	0.9999604	1.5323545e-05
1.0045207e-05	7.777487e-06	0.9999821
6.610561e-06	1.4708766e-05	0.99997866
1.7227712e-05	0.9999714	1.1287472e-05
1.6598182e-05	0.9999709	1.25736115e-05
1.5376414e-05	0.99997056	1.40374705e-05
1.012853e-05	7.838769e-06	0.999982
1.1968512e-05	7.441318e-06	0.99998057
8.777978e-06	9.969422e-06	0.9999813
9.00678e-06	8.367282e-06	0.9999826
7.918476e-06	1.0759939e-05	0.9999813
1.335619e-05	0.9999734	1.3222925e-05
1.603513e-05	0.99997234	1.1513567e-05
9.857878e-06	8.169225e-06	0.999982
8.344649e-06	0.99990714	8.454386e-05
1.1346489e-05	7.5023113e-06	0.99998116
6.6781213e-06	0.0007152406	0.9992781
4.520541e-06	8.5944186e-05	0.9999095
1.5445888e-05	0.9999726	1.1889103e-05
0.99997663	1.3967888e-05	9.436988e-06
1.5293173e-05	0.9999726	1.2150887e-05
1.5255915e-05	0.9999728	1.1966228e-05
1.3929258e-05	0.9999728	1.3209468e-05
1.4809088e-05	0.99997354	1.1643756e-05
1.8294417e-05	0.99996936	1.2378031e-05
7.1645045e-06	1.0902646e-05	0.9999819
5.3619683e-06	2.7395883e-05	0.9999672
7.5937282e-06	1.0379822e-05	0.999982
0.9999678	2.410136e-05	8.105336e-06
7.640293e-06	1.012156e-05	0.99998224
2.7959391e-05	0.99996185	1.0151446e-05
1.7163155e-05	0.9999707	1.2216781e-05
9.446605e-06	8.15297e-06	0.99998236
1.33094145e-05	0.99997175	1.4875773e-05
1.6540487e-05	0.9999689	1.4494041e-05
1.057318e-05	8.835747e-06	0.99998057
8.363084e-06	9.315345e-06	0.99998236
8.590216e-06	8.859399e-06	0.9999826
1.1515315e-05	8.264325e-06	0.9999802
4.5613077e-05	0.99994504	9.317557e-06
6.2663757e-06	1.1993366e-05	0.99998176
0.99997616	1.6006406e-05	7.913793e-06
0.0001351062	0.0013819068	0.998483
1.2403411e-05	0.9999578	2.9761588e-05
1.3848354e-05	0.9999727	1.3454862e-05
7.7701825e-06	9.4517545e-06	0.99998283
0.99997675	1.3992394e-05	9.313001e-06
5.719454e-06	2.3945147e-05	0.9999703
5.2617047e-06	4.954016e-05	0.99994516
6.915446e-06	1.3210984e-05	0.99997985
8.527335e-06	8.657757e-06	0.99998283
7.3006495e-06	1.0066434e-05	0.9999826
8.379691e-06	8.994728e-06	0.9999826
8.5428865e-06	9.050483e-06	0.99998236
7.87576e-06	9.683195e-06	0.9999825
2.3586761e-05	0.9999659	1.0482984e-05
6.5542004e-06	1.1161102e-05	0.99998224
1.3336112e-05	0.9999701	1.658489e-05
1.3592315e-05	0.99997234	1.4111951e-05
5.578676e-06	1.6929971e-05	0.99997747
7.789946e-06	9.737776e-06	0.9999825
7.899628e-06	9.605164e-06	0.9999825
2.6457295e-05	0.9999603	1.3258738e-05
6.415664e-06	1.1686908e-05	0.9999819
6.083658e-06	2.010467e-05	0.9999738
1.3362699e-05	9.487923e-06	0.9999771
1.1194567e-05	0.99996054	2.8296647e-05
1.6364751e-05	0.9999715	1.212002e-05
4.780236e-05	0.9999422	1.0004766e-05
6.548282e-06	1.9980649e-05	0.9999734
1.0751832e-05	0.9999714	1.7864902e-05
7.911187e-06	9.494999e-06	0.9999826
1.734844e-05	0.99997187	1.0741444e-05
0.99997723	1.1650975e-05	1.1124311e-05
1.3846527e-05	0.99997234	1.3876376e-05
7.2992825e-06	1.0353774e-05	0.99998236
2.0063453e-05	0.9999664	1.3614443e-05
6.1252144e-06	1.6074124e-05	0.9999778
9.123942e-06	9.00545e-06	0.9999819
0.9998858	0.000109052955	5.1111138e-06
1.4210954e-05	0.9999691	1.674308e-05
1.3596181e-05	0.9999716	1.482251e-05
1.1512684e-05	0.9999672	2.1189186e-05
1.4434633e-05	0.999972	1.3586957e-05
0.007833232	0.5571667	0.43500006
1.4167785e-05	9.181678e-06	0.99997663
5.84016e-06	1.3856253e-05	0.99998033
1.7758628e-05	0.99997103	1.1262511e-05
8.431721e-06	9.444206e-06	0.9999821
1.2826227e-05	0.99997294	1.4200603e-05
5.6459794e-06	3.1364474e-05	0.99996305
1.3618589e-05	0.99997044	1.5960222e-05
1.5458756e-05	0.9999728	1.1680695e-05
7.969313e-06	9.433894e-06	0.9999826
1.040299e-05	0.99996376	2.5857791e-05
1.0424139e-05	0.99983263	0.00015694571
5.645007e-06	1.669085e-05	0.9999777
1.3992137e-05	9.624067e-06	0.9999764
3.8020207e-05	5.642325e-06	0.99995637
0.99997425	9.6805115e-06	1.6087117e-05
1.2529962e-05	0.9999714	1.6136517e-05
1.746048e-05	0.999972	1.0599055e-05
1.781615e-05	0.9999709	1.1285152e-05
1.1909541e-05	0.9999727	1.542946e-05
6.7976894e-06	1.6258997e-05	0.999977
8.462713e-06	9.37992e-06	0.9999821
0.9999764	1.1265547e-05	1.2295865e-05
1.4129385e-05	0.99997103	1.4788417e-05
1.9465695e-05	0.99996877	1.180608e-05
0.999977	1.3167113e-05	9.8589e-06
9.377825e-06	8.650214e-06	0.999982
1.3426987e-05	0.99997306	1.3497793e-05
8.809487e-06	8.814378e-06	0.99998236
2.1061942e-05	0.9999683	1.062462e-05
1.6822787e-05	0.999972	1.1151551e-05
6.590422e-06	0.00013800332	0.9998554
1.0114117e-05	7.988879e-06	0.9999819
0.0038125871	0.996161	2.6402635e-05
1.5212793e-05	0.99997187	1.2876796e-05
1.861317e-05	0.9999585	2.2889264e-05
1.4503547e-05	0.9999732	1.2244176e-05
1.342635e-05	0.99996746	1.904531e-05
2.2939748e-05	0.9999653	1.1846709e-05
1.1748394e-05	0.9999716	1.6570815e-05
2.4686866e-05	5.4952516e-06	0.99996984
0.9999689	2.497827e-05	6.0391294e-06
6.8499303e-06	1.1718866e-05	0.9999814
0.99997663	1.4662238e-05	8.748945e-06
2.8391687e-05	0.99995387	1.775653e-05
7.65783e-06	9.999388e-06	0.99998236
1.4114347e-05	0.9999733	1.2632282e-05
9.520851e-06	8.89705e-06	0.9999815
1.7713483e-05	0.99997187	1.0389611e-05
7.4703034e-06	1.1637704e-05	0.9999809
5.206641e-06	1.8302017e-05	0.9999765
2.1936845e-05	0.9999672	1.0895002e-05
1.4486929e-05	0.99997115	1.42763065e-05
1.3882336e-05	0.9999727	1.3493785e-05
1.2244923e-05	0.9999732	1.4598243e-05
1.1658559e-05	0.99997187	1.6468086e-05
2.305014e-05	0.99996614	1.0811937e-05
7.600922e-06	9.566544e-06	0.99998283
1.832479e-05	0.999967	1.4703011e-05
1.3917712e-05	0.9999733	1.2716507e-05
9.209911e-06	3.1079395e-05	0.9999597
1.5247405e-05	0.99997187	1.28778265e-05
1.6256847e-05	0.99997246	1.1327318e-05
1.6934218e-05	0.99997175	1.1293237e-05
6.148745e-06	1.7475382e-05	0.9999764
9.233274e-06	8.574187e-06	0.99998224
4.955924e-06	1.9159e-05	0.9999759
6.7149163e-06	1.3880748e-05	0.9999794
5.678996e-06	1.6020796e-05	0.9999783
1.3805148e-05	0.9999645	2.1738377e-05
1.1392134e-05	0.9999714	1.7107639e-05
9.849589e-06	0.9999572	3.294516e-05
8.517205e-06	9.067217e-06	0.99998236
0.99997604	1.6031032e-05	8.028348e-06
1.742176e-05	0.99997115	1.1454162e-05
8.875999e-06	8.685607e-06	0.9999825
1.1489452e-05	8.057109e-06	0.99998045
2.6494652e-05	0.9999598	1.3707635e-05
0.99997723	1.1981411e-05	1.0765427e-05
1.0989618e-05	7.6377955e-06	0.9999814
1.1519568e-05	0.99997175	1.6722042e-05
8.207947e-06	9.4347915e-06	0.99998236
6.8086815e-06	1.1235461e-05	0.999982
2.2643064e-05	0.9999654	1.1907614e-05
0.00040884543	7.1605887e-06	0.999584
7.800073e-06	9.4874795e-06	0.9999827
2.1564294e-05	0.99996376	1.4619142e-05
3.8279402e-05	0.9999498	1.1948734e-05
8.375035e-06	8.880819e-06	0.9999827
1.2919403e-05	0.99997365	1.349703e-05
1.8523297e-05	0.9999707	1.08779295e-05
1.4522611e-05	0.9999726	1.2917109e-05
1.079801e-05	8.333542e-06	0.9999809
1.4763884e-05	0.99997294	1.22630445e-05
7.983682e-06	9.423976e-06	0.9999826
1.4691078e-05	0.99997044	1.4958977e-05
1.0198314e-05	8.8318e-06	0.9999809
7.514595e-06	1.0820719e-05	0.99998164
7.7725264e-05	0.9999062	1.6120684e-05
8.006364e-06	3.8209193e-05	0.99995375
0.99996555	8.832801e-06	2.5639829e-05
0.9999604	3.2804528e-05	6.794479e-06
1.041629e-05	8.8479665e-06	0.9999807
6.7630567e-06	1.3249381e-05	0.99998
1.4946222e-05	0.99997294	1.2180641e-05
1.04982655e-05	8.9443265e-06	0.99998057
1.055324e-05	8.329405e-06	0.99998116
1.388028e-05	0.9999733	1.291972e-05
5.6610193e-06	2.4184972e-05	0.9999702
1.3561089e-05	0.9999727	1.3681273e-05
0.9999757	1.1805597e-05	1.253604e-05
2.28686e-05	0.99996614	1.0994776e-05
1.0686881e-05	0.99996996	1.9306905e-05
7.2625544e-06	1.1766073e-05	0.9999809
1.6506337e-05	0.9999716	1.1948378e-05
1.2086988e-05	0.9999708	1.7181253e-05
1.3826833e-05	0.999972	1.4198925e-05
8.455959e-06	0.9999362	5.5367153e-05
1.4488166e-05	0.9999716	1.3775445e-05
7.808735e-06	9.688755e-06	0.9999825
1.2594598e-05	0.9999726	1.4752126e-05
0.99997497	1.6373551e-05	8.732859e-06
1.572577e-05	0.9999727	1.151245e-05
1.0887174e-05	8.290237e-06	0.9999808
6.2279837e-06	1.4851143e-05	0.9999789
2.5018706e-05	0.9999652	9.722808e-06
1.6414626e-05	0.99997234	1.1186748e-05
6.7783126e-06	1.0706908e-05	0.9999825
7.6026154e-06	1.0925634e-05	0.9999815
8.309498e-06	9.512034e-06	0.9999821
1.431295e-05	0.999972	1.3740863e-05
1.8125322e-05	0.9999703	1.15105895e-05
8.212215e-06	9.342811e-06	0.9999825
1.5941016e-05	0.99997175	1.22253605e-05
1.5384217e-05	0.99996865	1.6002288e-05
4.585486e-06	3.406232e-05	0.9999614
7.4008526e-06	9.921102e-06	0.9999827
1.571753e-05	0.9999732	1.1072371e-05
0.9999771	1.1759073e-05	1.1104955e-05
1.9561727e-05	0.99996996	1.0431796e-05
1.4648606e-05	0.99997056	1.4760919e-05
1.1640018e-05	0.9999709	1.7365523e-05
9.861389e-06	0.99996626	2.386057e-05
0.9999763	1.064237e-05	1.3114931e-05
8.965263e-06	8.903337e-06	0.9999821
7.854731e-06	1.1133003e-05	0.99998105
1.3303254e-05	0.9999722	1.4418417e-05
1.8090912e-05	0.9999716	1.0299735e-05
1.3729364e-05	0.99997306	1.3220499e-05
1.2098335e-05	0.99975044	0.00023741792
1.2736816e-05	0.99997175	1.5538499e-05
1.2225161e-05	0.9999716	1.6148897e-05
1.6892e-05	0.99997234	1.0769904e-05
0.99997437	1.8091443e-05	7.46534e-06
1.39003905e-05	0.99997246	1.36135395e-05
5.1484167e-06	1.8338706e-05	0.9999765
1.13450415e-05	7.35031e-06	0.9999813
1.6850558e-05	0.9999716	1.1553431e-05
1.4350794e-05	0.9999728	1.286349e-05
1.2084015e-05	0.99997187	1.6095335e-05
1.4087762e-05	0.99997246	1.3520731e-05
1.1372224e-05	7.870882e-06	0.9999808
0.96374357	0.036205046	5.1404353e-05
6.406229e-06	1.1883192e-05	0.99998176
0.9997178	0.00027590746	6.278154e-06
0.99904174	1.3997348e-05	0.0009441319
9.974704e-06	0.9999608	2.9250847e-05
9.74665e-06	8.579973e-06	0.99998164
1.331451e-05	0.9999732	1.3482022e-05
9.260762e-06	8.497051e-06	0.99998224
7.497441e-06	1.0221365e-05	0.99998224
1.9261393e-05	0.9999187	6.2001505e-05
0.99997544	1.2558174e-05	1.2022354e-05
8.382625e-06	9.056512e-06	0.9999826
8.1122125e-06	9.663873e-06	0.99998224
1.0849004e-05	8.038687e-06	0.99998116
1.24201915e-05	0.99997175	1.5843123e-05
8.448467e-06	8.824356e-06	0.9999827
1.2096704e-05	0.00016064908	0.9998273
5.0758163e-06	2.3908175e-05	0.99997103
1.5920807e-05	0.9999726	1.1459455e-05
1.2122676e-05	8.024659e-06	0.99997985
8.6239215e-06	9.404973e-06	0.999982
1.18117005e-05	7.912512e-06	0.99998033
0.99997044	9.489634e-06	2.0036612e-05
1.707098e-05	0.9999721	1.0807775e-05
7.3662504e-06	3.0933497e-05	0.99996173
5.513129e-06	1.7091905e-05	0.99997735
1.731512e-05	0.99997115	1.1560016e-05
1.6052198e-05	0.9999709	1.293775e-05
1.03100865e-05	8.186582e-06	0.9999815
1.2388564e-05	0.9999683	1.9360235e-05
1.9715731e-05	0.99996984	1.0446021e-05
0.000106662534	0.9998741	1.919809e-05
1.4865871e-05	0.9999726	1.2507365e-05
6.3239327e-06	1.1732404e-05	0.999982
8.780611e-06	8.66813e-06	0.9999826
6.022522e-05	0.051698267	0.9482415
1.3759904e-05	0.999972	1.4281507e-05
6.0174366e-06	1.3034691e-05	0.9999809
2.5781559e-05	0.9999629	1.12687485e-05
1.1205481e-05	8.513046e-06	0.99998033
4.5679044e-06	3.0257484e-05	0.9999652
1.3248848e-05	0.9999732	1.3535112e-05
8.528073e-06	0.002610941	0.99738055
1.248302e-05	0.9999708	1.6632579e-05
0.9998159	0.00017681142	7.4024974e-06
0.99997115	2.216123e-05	6.6846073e-06
6.2726917e-06	5.265019e-05	0.9999411
1.1780991e-05	7.5941884e-06	0.99998057
1.2065789e-05	0.99997294	1.5002102e-05
4.5651155e-05	0.09916611	0.9007882
0.005592411	0.99438274	2.4829167e-05
8.8814795e-06	8.548755e-06	0.9999826
2.1340395e-05	0.9999683	1.0329249e-05
0.9963213	2.1001786e-05	0.00365764
6.9111025e-05	0.9999194	1.1467297e-05
0.9997205	0.00027293025	6.5317463e-06
1.6027721e-05	0.9999707	1.3342798e-05
8.6992495e-06	8.986186e-06	0.99998236
7.5965086e-06	9.591821e-06	0.99998283
7.522188e-06	9.888145e-06	0.9999826
1.2989802e-05	0.99997294	1.4092418e-05
1.0370027e-05	0.9999658	2.3808278e-05
1.3820702e-05	0.99997294	1.3172962e-05
1.1544854e-05	7.830047e-06	0.99998057
1.5223545e-05	0.9999726	1.2139699e-05
0.9997812	0.00021406094	4.8121933e-06
1.8936558e-05	0.9999677	1.331374e-05
8.5990405e-06	9.042503e-06	0.99998236
1.9128756e-05	0.99997056	1.037796e-05
6.741717e-06	1.1276165e-05	0.999982
1.4942511e-05	0.99997246	1.25990655e-05
9.817745e-06	7.821814e-06	0.99998236
0.99997544	1.0300599e-05	1.4359375e-05
0.9999765	1.5634447e-05	7.845368e-06
1.8975943e-05	0.9999703	1.0718638e-05
1.1920579e-05	8.343313e-06	0.99997973
9.6438835e-06	8.528319e-06	0.9999819
1.2222957e-05	0.99997246	1.5241499e-05
