0.99997234	2.140534e-05	6.188783e-06
8.940116e-06	0.9999616	2.9495843e-05
1.568443e-05	0.99996877	1.552087e-05
1.4569437e-05	0.9999654	2.0082809e-05
0.9999267	1.5145576e-05	5.821828e-05
0.9999118	8.307088e-05	5.102665e-06
0.9999776	1.1097592e-05	1.1330575e-05
0.002183434	0.99402034	0.0037962215
8.151101e-06	1.1924959e-05	0.99998
1.1402757e-05	9.265788e-06	0.9999794
2.4920339e-05	0.99995863	1.6436095e-05
1.0205684e-05	9.493458e-06	0.99998033
6.4601745e-06	1.6823027e-05	0.99997675
1.0255566e-05	9.759182e-06	0.99998
0.16474313	0.8350351	0.00022178248
6.99025e-05	0.9998901	4.0010684e-05
3.1441254e-05	0.9999484	2.0090856e-05
1.1672566e-05	0.999969	1.9355872e-05
1.5435484e-05	0.9999702	1.4412752e-05
1.008077e-05	9.940234e-06	0.99998
1.4538022e-05	0.99996877	1.6699443e-05
7.743136e-06	0.999954	3.8288617e-05
9.56158e-06	1.0754013e-05	0.99997973
7.921594e-06	1.1885509e-05	0.9999802
9.6281e-06	9.763497e-06	0.99998057
1.0031007e-05	1.0007426e-05	0.99998
0.9999281	6.444357e-05	7.4350623e-06
1.08099775e-05	0.9999671	2.2051954e-05
1.3113992e-05	8.71889e-06	0.9999782
8.804761e-06	1.1383781e-05	0.99997985
1.2914229e-05	0.999967	2.0191823e-05
8.384847e-06	1.1836986e-05	0.99997973
1.20089735e-05	0.9999337	5.424188e-05
1.0723524e-05	0.9999567	3.2557225e-05
0.00047003297	0.12160362	0.87792635
1.0645403e-05	9.638842e-06	0.99997973
0.8407263	0.15770929	0.0015643949
1.6893733e-05	0.99996996	1.3062697e-05
2.412077e-05	8.751807e-06	0.9999671
6.8606205e-06	1.7353952e-05	0.9999758
1.7825107e-05	0.99996996	1.2133925e-05
7.3858228e-06	1.4284621e-05	0.9999783
9.4240295e-06	1.0026183e-05	0.99998057
0.00028445685	0.9993788	0.00033665754
0.9999746	9.876643e-06	1.5482834e-05
1.6563092e-05	0.9999689	1.4549895e-05
1.0997218e-05	0.9999651	2.3959e-05
2.2708256e-05	0.99995756	1.9767e-05
8.0659665e-06	1.3284753e-05	0.99997866
1.2474347e-05	8.97554e-06	0.99997854
1.7873781e-05	0.9999628	1.9335956e-05
1.1141343e-05	9.528641e-06	0.9999794
7.72964e-06	1.1828938e-05	0.99998045
7.7416225e-06	0.99990916	8.313914e-05
9.9554745e-06	0.99995947	3.053691e-05
1.9106905e-05	0.9999682	1.2783195e-05
2.5095926e-05	0.99996364	1.1247423e-05
1.0006751e-05	9.698496e-06	0.99998033
0.00025622765	0.99972934	1.4429108e-05
1.0781795e-05	9.006517e-06	0.9999802
2.7316855e-05	0.99996126	1.150004e-05
9.815197e-06	0.9999498	4.046177e-05
0.0088288365	0.99111134	5.9813596e-05
1.2397795e-05	0.9999713	1.6376003e-05
6.176404e-05	0.9999294	8.854891e-06
9.449991e-06	0.99996316	2.7469994e-05
2.8336017e-05	0.9999596	1.1996589e-05
1.5987687e-05	0.9999703	1.3710629e-05
1.0827986e-05	1.0233514e-05	0.9999789
0.99995685	3.5969922e-05	7.1811387e-06
0.99994755	4.7673824e-05	4.714567e-06
7.936954e-06	1.2706424e-05	0.9999794
1.14394115e-05	8.9083e-06	0.9999796
6.9542634e-06	1.4778993e-05	0.9999783
5.9345025e-06	1.7199456e-05	0.9999769
1.0114722e-05	1.2039731e-05	0.9999778
1.6959797e-05	0.99996746	1.5577067e-05
1.9900875e-05	0.9999641	1.5959176e-05
5.982314e-06	0.9994506	0.00054346025
7.059444e-06	1.4069311e-05	0.9999789
8.696654e-06	1.0882332e-05	0.99998045
1.8908833e-05	0.9999665	1.45755685e-05
4.875067e-05	0.9999231	2.8166758e-05
0.000110332585	0.9998661	2.3430843e-05
1.6422799e-05	0.9999665	1.7104749e-05
8.696438e-06	1.0880983e-05	0.99998045
1.4489499e-05	0.9999597	2.579038e-05
1.0607492e-05	9.418678e-06	0.99998
0.9999776	1.1086611e-05	1.1294789e-05
7.6158003e-06	1.1969595e-05	0.99998045
2.332509e-05	0.99996316	1.3499217e-05
9.547218e-06	1.08559125e-05	0.9999796
0.0026877571	0.99729866	1.3576413e-05
7.6433125e-06	1.2698323e-05	0.9999796
2.4342473e-05	0.9999621	1.35314385e-05
9.299652e-06	1.2030904e-05	0.99997866
0.98980904	0.010179564	1.1360641e-05
1.4934164e-05	0.9999621	2.2967406e-05
8.327786e-06	1.1249327e-05	0.99998045
1.4138361e-05	0.9999614	2.4465968e-05
0.999974	1.28250185e-05	1.3157044e-05
7.6845145e-06	1.2317974e-05	0.99998
1.359066e-05	0.999966	2.0390502e-05
4.234715e-06	7.807026e-05	0.99991775
8.2597435e-06	1.1090188e-05	0.9999807
0.9999753	1.2074369e-05	1.268112e-05
0.9999702	2.274643e-05	7.0658425e-06
0.9999764	9.719014e-06	1.3787063e-05
1.42549725e-05	0.9999633	2.2366949e-05
0.00016724816	0.9998128	2.0049412e-05
1.5570437e-05	0.999969	1.5354746e-05
0.99996364	1.4450504e-05	2.1962303e-05
0.99731594	8.704398e-06	0.002675316
1.3846217e-05	0.9999691	1.7018197e-05
8.138407e-06	1.208969e-05	0.99997973
1.6099992e-05	0.9999703	1.3603257e-05
0.9999769	9.940374e-06	1.3234778e-05
1.8560575e-05	0.99996793	1.3512652e-05
1.0030983e-05	1.0622093e-05	0.9999794
1.1462561e-05	0.99996984	1.8693041e-05
1.4167493e-05	0.9999703	1.5473806e-05
9.32119e-06	1.040603e-05	0.99998033
1.3544081e-05	0.99996996	1.6456546e-05
1.4069913e-05	0.99995685	2.9114557e-05
2.4972962e-05	0.99996233	1.2806108e-05
1.4942983e-05	0.99996793	1.7159948e-05
9.85547e-06	1.0147449e-05	0.99998
1.30775925e-05	0.9999709	1.6014232e-05
8.810922e-06	1.08772365e-05	0.99998033
1.884708e-05	0.99996734	1.3873263e-05
1.5845862e-05	0.9999701	1.4122865e-05
4.747996e-06	2.6866748e-05	0.9999684
1.1714052e-05	9.669454e-06	0.99997866
1.159871e-05	0.9999664	2.2029153e-05
4.9397706e-05	0.9997845	0.00016613035
9.102512e-06	0.9999697	2.127481e-05
8.95327e-06	0.99963343	0.0003575631
4.815805e-06	3.0361447e-05	0.99996483
7.204616e-06	1.3584814e-05	0.99997926
1.1154813e-05	0.9999002	8.862038e-05
1.3691052e-05	0.99996436	2.1880014e-05
0.5840154	0.41569558	0.00028907394
0.9995702	0.00040961875	2.0186564e-05
0.9994511	0.00051698857	3.1873682e-05
1.7548145e-05	0.0002712189	0.9997112
6.969323e-06	1.4505839e-05	0.99997854
5.613753e-06	2.0279584e-05	0.99997413
0.99996316	3.1446845e-05	5.362387e-06
8.928965e-06	1.085244e-05	0.9999802
2.1568176e-05	0.9999634	1.500651e-05
3.9713727e-06	0.00037105323	0.99962497
1.391125e-05	7.9800075e-06	0.99997807
0.999977	1.4597074e-05	8.4542635e-06
9.136038e-06	1.0627118e-05	0.9999802
7.1420072e-06	1.2644737e-05	0.9999802
1.0051256e-05	9.367416e-06	0.99998057
0.9999751	9.526148e-06	1.5383495e-05
1.1938789e-05	8.643446e-06	0.9999794
1.2618823e-05	0.9999707	1.667096e-05
9.134712e-06	1.0929275e-05	0.99998
1.3992086e-05	0.9999633	2.2791743e-05
7.044055e-06	1.3485412e-05	0.9999795
2.2290096e-05	0.9999614	1.6271973e-05
9.048844e-06	1.0503972e-05	0.99998045
3.5185396e-06	0.00013650858	0.9998599
0.9987435	0.0012500292	6.547542e-06
1.4870204e-05	0.9999683	1.6862703e-05
0.9993148	0.00067981164	5.3426825e-06
1.1739982e-05	0.9999707	1.7610479e-05
1.2172995e-05	0.9999708	1.7008735e-05
3.2967546e-05	0.99995637	1.0611663e-05
7.726088e-06	1.2834988e-05	0.9999795
0.9999553	3.9732702e-05	4.9947475e-06
1.5413249e-05	0.9999676	1.6994834e-05
1.3477011e-05	0.99997044	1.6091228e-05
3.792283e-06	0.000767762	0.9992285
6.426576e-06	1.8477313e-05	0.9999751
9.163485e-06	1.0290293e-05	0.99998057
1.0758903e-05	0.990954	0.009035193
1.3021859e-05	8.85176e-06	0.9999782
1.44725345e-05	8.118349e-06	0.99997735
8.6824575e-06	1.1963979e-05	0.9999794
6.6189123e-06	1.6744707e-05	0.99997663
4.7747576e-06	2.6343369e-05	0.9999689
8.863673e-06	1.0723604e-05	0.99998045
1.0563242e-05	9.902704e-06	0.9999795
2.0095395e-05	0.99994826	3.155121e-05
1.4983738e-05	0.99995923	2.570168e-05
2.3753002e-05	0.9999635	1.2780648e-05
2.3818568e-05	0.99995923	1.6940581e-05
9.009868e-06	1.1683266e-05	0.99997926
8.946401e-06	0.9999236	6.7521556e-05
1.077697e-05	9.363927e-06	0.99997985
7.9430265e-06	0.00032438902	0.99966764
1.2017106e-05	0.9999641	2.389431e-05
1.1300686e-05	8.818215e-06	0.99997985
1.1009647e-05	0.99996173	2.7273058e-05
9.118231e-06	1.43464e-05	0.9999765
1.1095161e-05	0.99991024	7.864914e-05
1.4311618e-05	0.9999685	1.720015e-05
0.9999765	1.282565e-05	1.0567976e-05
8.810728e-06	1.08687545e-05	0.99998033
4.8199836e-06	3.369626e-05	0.9999615
1.5420785e-05	0.9999672	1.7377968e-05
2.0912268e-05	0.9999653	1.3808673e-05
7.3970195e-06	4.0531493e-05	0.9999521
1.0032034e-05	0.9999621	2.7867718e-05
0.99997175	9.279761e-06	1.893425e-05
8.543539e-06	1.0941817e-05	0.99998057
7.3952738e-06	1.3448022e-05	0.99997914
9.429936e-06	0.9999616	2.8907965e-05
1.4053875e-05	0.9999664	1.9508598e-05
0.3477613	0.65218914	4.9575014e-05
1.2245997e-05	0.99996746	2.0254765e-05
0.99956113	0.00042918365	9.6316735e-06
7.698757e-06	1.27444e-05	0.9999796
1.34982565e-05	0.9999511	3.540453e-05
6.232711e-06	1.5275933e-05	0.99997854
2.578976e-05	0.9999615	1.2789145e-05
7.1442464e-06	1.3906857e-05	0.9999789
9.93066e-06	1.0462244e-05	0.9999796
1.6736243e-05	0.9999689	1.4371172e-05
1.4089251e-05	0.9999685	1.7434977e-05
1.1774818e-05	1.0121267e-05	0.99997807
9.537661e-06	0.99996316	2.7275282e-05
1.7399816e-05	0.9999678	1.4779007e-05
1.4631558e-05	0.9999696	1.5721116e-05
6.6848247e-06	1.4376496e-05	0.9999789
8.138496e-06	1.1480305e-05	0.99998033
2.4831636e-05	0.9999614	1.3876687e-05
1.2671717e-05	0.9999621	2.531441e-05
1.6805481e-05	0.9999479	3.5279238e-05
1.1352422e-05	0.99997175	1.694564e-05
1.6734764e-05	0.9999683	1.5055463e-05
1.1373035e-05	0.99996626	2.239333e-05
0.9985863	0.0014083867	5.3155195e-06
8.002465e-06	1.2318348e-05	0.99997973
1.2070808e-05	0.9999664	2.1576283e-05
9.946938e-06	0.99991405	7.600461e-05
2.5947225e-05	0.99996233	1.1714084e-05
9.534324e-06	0.9999671	2.3386501e-05
1.5379086e-05	0.9999708	1.3871565e-05
5.5257738e-06	2.2565817e-05	0.99997187
1.3995834e-05	0.99995255	3.3498203e-05
9.586235e-06	1.0320677e-05	0.9999801
0.9815533	0.018438004	8.675367e-06
1.0972833e-05	0.9999434	4.563989e-05
1.3158372e-05	0.9999691	1.7729302e-05
0.9999708	1.6094675e-05	1.3146791e-05
1.823571e-05	0.9875222	0.012459554
0.9999763	9.699521e-06	1.4050167e-05
1.0999588e-05	0.9999689	2.0173868e-05
1.2992369e-05	8.154069e-06	0.9999789
9.789463e-06	0.99996805	2.215533e-05
9.342804e-06	1.0753922e-05	0.99997985
9.9249e-06	0.99996877	2.1300877e-05
7.1437265e-05	0.99991906	9.500158e-06
7.42131e-05	0.9999075	1.824558e-05
1.18466705e-05	9.901889e-06	0.9999783
8.58975e-06	1.060387e-05	0.9999808
9.937947e-06	0.99995005	4.009269e-05
9.123644e-06	1.1945811e-05	0.9999789
0.99994135	5.446586e-05	4.118152e-06
8.7308135e-06	1.11951485e-05	0.9999801
3.8865505e-06	0.0001856184	0.9998105
0.99997234	9.449519e-06	1.8275776e-05
1.7902892e-05	0.9999603	2.1808408e-05
8.940211e-06	1.0920879e-05	0.9999801
7.798243e-06	1.231061e-05	0.99997985
0.9998865	0.00010890856	4.5274905e-06
5.9860904e-06	2.2138263e-05	0.99997187
8.524871e-06	1.1544154e-05	0.99998
1.7634926e-05	0.99996936	1.3015809e-05
0.9999758	9.548475e-06	1.4678735e-05
9.112198e-06	1.0613588e-05	0.99998033
7.911822e-06	1.3161563e-05	0.9999789
3.0087944e-05	0.8436507	0.1563192
4.323539e-06	0.0014276509	0.99856806
9.818592e-06	0.99996376	2.6410975e-05
3.871827e-05	0.99988246	7.8790785e-05
1.2966483e-05	8.407379e-06	0.99997866
1.8012199e-05	0.9999685	1.3510481e-05
1.20310215e-05	0.99996173	2.6262382e-05
8.270024e-06	0.9999639	2.7837139e-05
7.678668e-06	1.2438866e-05	0.99997985
5.5449436e-06	2.7027545e-05	0.99996746
1.2265155e-05	8.716195e-06	0.999979
5.0654103e-06	2.7578544e-05	0.99996734
7.229726e-06	1.3244535e-05	0.9999795
9.357978e-06	1.0250486e-05	0.99998045
1.0320974e-05	9.325165e-06	0.99998033
1.0580857e-05	9.630976e-06	0.99997973
2.6286285e-05	0.9999597	1.3963416e-05
0.49447152	0.50452113	0.001007349
0.9999671	1.4196553e-05	1.8725515e-05
9.957635e-06	1.0242917e-05	0.99997985
6.280345e-06	1.9582192e-05	0.99997413
1.2030212e-05	0.999967	2.0953688e-05
7.511382e-06	1.2140198e-05	0.99998033
9.938352e-06	9.6299555e-06	0.99998045
3.346163e-06	8.015695e-05	0.99991643
2.2769918e-05	0.99996376	1.3462649e-05
1.3032506e-05	0.9999554	3.164591e-05
8.4222465e-06	1.3150842e-05	0.9999784
0.000110018824	0.99974304	0.0001469157
1.2406171e-05	0.99995804	2.9519626e-05
7.1422564e-06	1.4065285e-05	0.9999788
7.4350646e-06	1.2604243e-05	0.99998
1.3689935e-05	9.083148e-06	0.99997723
9.558205e-06	9.823243e-06	0.99998057
1.1894836e-05	0.99996936	1.876981e-05
1.0831433e-05	2.101449e-05	0.9999682
1.4944281e-05	0.9999651	2.0013093e-05
6.196415e-05	0.99991214	2.5827598e-05
1.1844309e-05	0.9999639	2.436028e-05
8.308029e-06	1.1061552e-05	0.9999807
8.951284e-06	1.103133e-05	0.99998
1.0463992e-05	9.687048e-06	0.99997985
1.5308939e-05	0.99996626	1.8435803e-05
4.136485e-06	0.0023885726	0.99760723
9.1374095e-06	1.1254062e-05	0.9999796
1.2148774e-05	0.9999713	1.6595386e-05
1.1894069e-05	0.9999677	2.0418498e-05
1.7623268e-05	0.999969	1.3340473e-05
1.5363948e-05	0.99997115	1.3492221e-05
1.3386113e-05	0.99994063	4.598658e-05
1.2668358e-05	0.99996126	2.606662e-05
0.9999734	1.9975485e-05	6.5950735e-06
1.0500757e-05	0.9999689	2.0573996e-05
1.4651568e-05	0.9999677	1.7602535e-05
1.0769969e-05	0.9999708	1.8445982e-05
1.2723707e-05	9.590638e-06	0.9999777
1.6274722e-05	0.99996614	1.7530438e-05
1.599013e-05	0.99996877	1.5237052e-05
8.584019e-06	1.1153429e-05	0.9999802
3.7239355e-05	0.999949	1.3867796e-05
1.0581277e-05	1.0106359e-05	0.99997926
4.1316318e-05	0.9999367	2.1936803e-05
1.1096165e-05	0.9999721	1.679006e-05
9.195653e-06	0.99992573	6.502739e-05
0.999972	2.1715146e-05	6.3512175e-06
1.0061229e-05	9.5733285e-06	0.99998033
2.443579e-05	8.603035e-06	0.999967
0.97824174	0.021741897	1.6357602e-05
3.270822e-06	0.00011585144	0.9998809
0.9995447	0.00044573497	9.559389e-06
9.521392e-06	1.0296298e-05	0.9999802
8.081489e-06	1.2260063e-05	0.9999796
1.596842e-05	0.99987173	0.000112334455
8.068002e-06	1.1669158e-05	0.9999802
0.00013003923	0.999762	0.00010794025
1.2754759e-05	0.99989843	8.884235e-05
5.853038e-06	0.0003002743	0.9996939
0.9999727	1.437778e-05	1.2876707e-05
2.3712186e-05	0.99996316	1.3149312e-05
2.2467142e-05	0.999964	1.3606804e-05
2.5144855e-05	0.99996126	1.3565927e-05
0.0001274289	0.99986136	1.1259451e-05
7.5725816e-06	1.3427413e-05	0.999979
0.9999732	1.3820417e-05	1.29444325e-05
0.99997616	1.0119791e-05	1.3757376e-05
6.9678854e-06	1.5838541e-05	0.99997723
0.9999769	1.0203012e-05	1.2834648e-05
6.1746964e-06	1.5150438e-05	0.99997866
9.207573e-06	1.0268158e-05	0.99998057
4.462339e-06	0.00024807354	0.99974746
1.7118635e-05	0.9999683	1.4596696e-05
0.99997544	9.156921e-06	1.5336214e-05
1.6272947e-05	0.9999677	1.6032824e-05
1.9362513e-05	0.99996686	1.379281e-05
1.3226609e-05	0.9999678	1.890026e-05
9.122853e-06	1.2012357e-05	0.9999789
1.5641217e-05	0.99996984	1.4499724e-05
1.9823352e-05	0.9999672	1.2995812e-05
0.99997616	1.2171785e-05	1.1707088e-05
1.3198124e-05	8.130212e-06	0.99997866
2.0687008e-05	0.99996793	1.1268138e-05
1.9203406e-05	0.9999678	1.2966281e-05
1.5164459e-05	0.9999682	1.6640724e-05
5.2619744e-06	2.2190954e-05	0.9999726
8.882553e-06	0.9973091	0.0026820418
0.999972	1.5322976e-05	1.2627521e-05
2.3607045e-05	0.96973765	0.030238725
1.3008497e-05	9.133925e-06	0.9999778
1.4164434e-05	0.9999031	8.269155e-05
1.1227197e-05	9.117737e-06	0.9999796
1.4267513e-05	7.988784e-06	0.9999777
1.4879566e-05	0.9999559	2.917885e-05
0.9979691	0.001959708	7.110783e-05
8.0322525e-06	0.9984855	0.0015065001
1.0495373e-05	0.99996734	2.2187602e-05
1.3436967e-05	0.9999683	1.8293857e-05
1.3853517e-05	0.9999621	2.4109013e-05
1.7527656e-05	0.9999677	1.4787606e-05
1.1624477e-05	9.658707e-06	0.99997866
8.681801e-06	1.1298802e-05	0.99998
1.3034497e-05	0.9999708	1.6209926e-05
4.1434987e-06	7.454519e-05	0.9999213
9.005948e-06	0.013845458	0.9861456
6.0488783e-06	1.9886864e-05	0.999974
1.5683694e-05	0.9999695	1.4821983e-05
1.4993412e-05	0.999961	2.3999746e-05
0.9999709	2.1732048e-05	7.4440572e-06
1.15093235e-05	0.999969	1.9419715e-05
9.581357e-06	1.0066795e-05	0.99998033
1.6578488e-05	0.9999645	1.8987583e-05
0.0119370185	0.9868471	0.001215801
1.48253e-05	0.9999596	2.5658683e-05
6.6173285e-05	0.965322	0.0346118
6.7125616e-06	0.005339005	0.9946543
9.396934e-06	1.1046107e-05	0.9999796
1.1925251e-05	0.9999701	1.7974937e-05
1.2557967e-05	0.99996865	1.8825262e-05
0.0019836468	0.99799037	2.5934909e-05
1.33981575e-05	0.9999703	1.6302687e-05
7.460519e-06	1.2762878e-05	0.99997973
1.235744e-05	0.9999696	1.803881e-05
9.535977e-06	1.0249565e-05	0.9999802
1.0386753e-05	9.507172e-06	0.9999801
3.205513e-06	9.965907e-05	0.9998971
8.909451e-06	1.1022857e-05	0.9999801
8.357474e-06	1.164522e-05	0.99998
3.5193373e-06	5.39766e-05	0.99994254
1.4444047e-05	0.9999697	1.584084e-05
0.042281505	0.95768917	2.9374018e-05
0.9999746	1.8456363e-05	6.97252e-06
1.2179237e-05	0.9999665	2.1285112e-05
1.4389419e-05	0.99997044	1.51506165e-05
1.012636e-05	1.04333985e-05	0.9999795
1.2110712e-05	9.377614e-06	0.99997854
2.4738038e-05	0.9999615	1.376413e-05
2.5514353e-05	0.9998987	7.5763324e-05
1.0545035e-05	0.99996436	2.520486e-05
5.32349e-06	2.5522235e-05	0.9999691
8.688468e-06	1.1234979e-05	0.9999801
0.9999459	4.9574603e-05	4.4703643e-06
9.922025e-06	0.99996984	2.0306898e-05
8.818722e-06	1.1106989e-05	0.9999801
0.99956506	0.0004270987	7.863611e-06
8.809249e-06	1.0939382e-05	0.9999802
1.9371038e-05	0.9999684	1.2164994e-05
7.165581e-06	1.329153e-05	0.9999795
1.43610405e-05	0.9999684	1.733338e-05
1.5308824e-05	0.9999702	1.4517039e-05
1.5440239e-05	0.9999672	1.7261733e-05
9.295141e-06	1.0811673e-05	0.99997985
1.5218798e-05	0.9999697	1.5050203e-05
9.195268e-06	1.0499183e-05	0.99998033
6.9647667e-06	0.9929636	0.007029387
6.882106e-06	1.8449764e-05	0.9999746
9.723478e-06	1.056939e-05	0.99997973
1.9398694e-05	0.99996746	1.3057197e-05
1.0822792e-05	0.99996066	2.8507027e-05
2.1710986e-05	0.9999654	1.2924226e-05
2.4097528e-05	0.9997813	0.00019460237
8.938591e-06	0.017804382	0.9821867
0.9999764	1.1210097e-05	1.2443332e-05
1.1385589e-05	0.9999651	2.343032e-05
1.6222462e-05	0.99996567	1.8076247e-05
1.0139643e-05	9.913764e-06	0.99998
7.3869523e-06	1.3045904e-05	0.9999796
1.2570443e-05	8.222541e-06	0.99997926
8.92822e-06	0.9999635	2.757878e-05
6.5001022e-06	1.5800184e-05	0.9999777
1.5148921e-05	0.99996245	2.2444257e-05
1.05328345e-05	9.758081e-06	0.99997973
5.031263e-06	2.830821e-05	0.9999666
0.0003804605	0.99960774	1.1766417e-05
1.3942473e-05	0.9999664	1.9715082e-05
0.008292153	0.49541068	0.4962971
0.9969637	0.0030215066	1.4906361e-05
0.9999685	2.361705e-05	7.826213e-06
9.928682e-06	9.557585e-06	0.99998057
5.1797437e-05	0.0043787076	0.9955695
7.3262927e-06	1.3252758e-05	0.9999794
1.1022663e-05	0.9999703	1.8661325e-05
1.1305068e-05	0.999966	2.2595144e-05
0.13974266	0.8601567	0.00010059013
8.434159e-06	1.1244436e-05	0.99998033
1.1275357e-05	0.99996567	2.3033184e-05
1.4346402e-05	0.99996614	1.9598418e-05
1.0941978e-05	9.0863e-06	0.99998
1.22183355e-05	0.999972	1.5847585e-05
0.9999685	2.4875448e-05	6.54732e-06
0.075879514	0.92392844	0.0001920105
1.09560115e-05	0.9999695	1.9536996e-05
1.1155831e-05	0.99997044	1.836849e-05
1.5007148e-05	0.9999707	1.4315456e-05
2.4445204e-05	0.99996305	1.256064e-05
1.1382791e-05	9.776786e-06	0.9999788
0.999966	1.4266189e-05	1.9701409e-05
1.4056362e-05	0.999964	2.1886914e-05
1.0324453e-05	9.883836e-06	0.99997973
0.0001860782	0.99973553	7.843429e-05
6.7030383e-06	1.8257153e-05	0.9999751
1.946433e-05	0.9999664	1.4161994e-05
1.0734625e-05	0.99997103	1.8185796e-05
4.456863e-06	0.00016579994	0.99982977
7.740092e-06	1.5746478e-05	0.9999765
6.3547213e-06	1.4585011e-05	0.999979
1.0561025e-05	1.0119717e-05	0.9999794
6.4636e-06	1.3885677e-05	0.9999796
3.0999134e-05	0.9999424	2.6577449e-05
1.2827739e-05	0.99997056	1.654378e-05
1.3521985e-05	0.999969	1.7565464e-05
2.0583147e-05	0.9999615	1.7866054e-05
0.007506354	0.9924716	2.1964945e-05
1.180409e-05	8.647561e-06	0.9999795
0.99997675	1.4513382e-05	8.761622e-06
2.8334054e-05	0.999956	1.56717e-05
1.9334047e-05	0.99996424	1.6508828e-05
0.9999577	2.6660588e-05	1.558623e-05
1.0926542e-05	9.329226e-06	0.99997973
1.6049074e-05	1.697307e-05	0.999967
1.0052431e-05	0.9999696	2.033614e-05
0.99987257	0.00012262605	4.7303856e-06
1.179689e-05	0.9999702	1.7952516e-05
1.0828752e-05	9.248666e-06	0.99998
0.9999654	2.9190092e-05	5.353998e-06
9.910231e-06	0.9999602	2.9896442e-05
9.81993e-06	0.9999628	2.7433645e-05
1.1203019e-05	0.99996376	2.5072173e-05
1.4070329e-05	9.017385e-06	0.9999769
1.2386419e-05	8.2984825e-06	0.99997926
8.3221985e-06	1.392226e-05	0.9999777
1.2892031e-05	8.536168e-06	0.99997854
6.59863e-06	1.8701387e-05	0.9999747
5.6965555e-06	0.999926	6.827953e-05
0.9985266	4.5245142e-05	0.0014282193
9.924104e-06	1.095802e-05	0.99997914
3.851175e-05	0.07177461	0.9281869
1.4125445e-05	0.99997056	1.5433077e-05
1.6490121e-05	0.9999691	1.445072e-05
1.4888512e-05	0.9999685	1.6531776e-05
7.4414233e-06	1.4185197e-05	0.9999784
2.1616646e-05	7.4148447e-06	0.9999709
6.722435e-06	1.528356e-05	0.99997795
1.3282244e-05	0.9999691	1.7651764e-05
1.35933105e-05	0.9999684	1.8000279e-05
1.9104442e-05	0.9999651	1.582716e-05
4.4005013e-05	0.9999229	3.3120665e-05
7.675262e-06	1.1805734e-05	0.99998057
9.122258e-06	1.04449655e-05	0.99998045
1.3123595e-05	0.99996996	1.6873719e-05
1.1333517e-05	9.884006e-06	0.9999788
0.9999778	1.1256113e-05	1.09714e-05
6.207135e-06	3.976912e-05	0.999954
0.9788087	1.7394977e-05	0.021173896
3.5290315e-05	0.999948	1.6639278e-05
8.440283e-06	1.2159641e-05	0.9999794
6.833007e-06	1.7319628e-05	0.9999758
8.4256244e-05	0.9998982	1.7505723e-05
1.18609705e-05	0.99996865	1.9431583e-05
1.4827218e-05	0.99996495	2.0252222e-05
0.9829721	5.7385045e-05	0.016970536
1.9426274e-05	0.9999682	1.2368305e-05
0.00040816588	0.99957854	1.3357372e-05
1.4409947e-05	0.9999683	1.723443e-05
6.179007e-06	2.0170846e-05	0.99997365
4.4966387e-06	0.0026077668	0.9973877
5.837245e-05	0.8399191	0.16002257
0.9999707	8.863587e-06	2.05439e-05
1.20868135e-05	8.615169e-06	0.99997926
8.757452e-06	1.0739744e-05	0.99998045
1.853997e-05	0.99996626	1.5117328e-05
9.891092e-06	9.939336e-06	0.9999802
1.0048196e-05	9.765952e-06	0.9999802
1.37964125e-05	0.99997056	1.5669117e-05
1.1300686e-05	8.818215e-06	0.99997985
1.3944285e-05	0.9999715	1.454229e-05
1.2353127e-05	0.9999676	2.0082756e-05
1.4685901e-05	0.9999689	1.6456419e-05
1.538203e-05	0.9999685	1.6034566e-05
2.224971e-05	0.99996555	1.216736e-05
0.9999764	1.6225884e-05	7.4339387e-06
0.0067196093	0.55198175	0.44129857
0.999972	1.784247e-05	1.0178227e-05
1.0616519e-05	1.04347555e-05	0.9999789
9.145498e-06	1.0538849e-05	0.99998033
4.009315e-05	0.9999378	2.2131999e-05
1.4329208e-05	0.99997056	1.509993e-05
1.6850841e-05	0.99996936	1.3842366e-05
8.575121e-06	1.0876119e-05	0.99998057
3.1224372e-05	0.99995685	1.19698025e-05
9.378086e-06	1.0424623e-05	0.9999802
1.0328609e-05	9.76187e-06	0.99997985
1.3597963e-05	0.9999672	1.9250334e-05
9.134627e-06	1.06732305e-05	0.9999802
8.789181e-06	1.43744655e-05	0.9999769
0.9999782	1.1737753e-05	1.0166776e-05
1.0076765e-05	9.66005e-06	0.9999802
3.096561e-05	0.999956	1.3045534e-05
1.19601655e-05	8.913438e-06	0.99997914
1.273692e-05	0.9999714	1.5833406e-05
8.938639e-06	1.0315438e-05	0.9999807
0.9999752	1.4695381e-05	1.0082885e-05
7.5192593e-06	1.6881926e-05	0.99997556
8.623843e-06	1.0965351e-05	0.99998045
7.063467e-06	1.3828765e-05	0.99997914
1.751806e-05	0.9999665	1.6010405e-05
2.5796191e-05	0.9999591	1.5156529e-05
0.00021101652	0.99978	8.921577e-06
1.4632447e-05	0.9999684	1.6917971e-05
8.118256e-06	1.1491532e-05	0.99998033
1.0437211e-05	9.82154e-06	0.99997973
1.4824777e-05	0.99997103	1.4237135e-05
3.9528215e-05	8.491179e-06	0.99995196
9.14669e-06	1.1795937e-05	0.999979
1.0925116e-05	9.234546e-06	0.99997985
1.7662927e-05	0.99996626	1.6136943e-05
1.3494819e-05	0.9999701	1.6443371e-05
1.3697016e-05	0.9999707	1.5638963e-05
1.13152655e-05	0.9999664	2.2287762e-05
7.723504e-06	1.2636953e-05	0.9999796
0.9959268	8.750095e-06	0.0040643807
0.99997306	2.0032614e-05	6.9326334e-06
2.91072e-05	0.9999597	1.1249943e-05
1.4921729e-05	0.99996936	1.5773869e-05
1.1350168e-05	0.9999678	2.0821994e-05
1.2607085e-05	0.9999651	2.2297492e-05
1.08971535e-05	0.9999578	3.132342e-05
9.739204e-06	1.1912482e-05	0.9999783
1.6864073e-05	0.9999684	1.4734307e-05
1.2020206e-05	9.216597e-06	0.9999788
6.6013326e-06	2.4936677e-05	0.9999684
1.832358e-05	0.99996865	1.3001036e-05
0.9999713	1.0591449e-05	1.8094752e-05
9.046316e-06	1.1375595e-05	0.9999796
1.4022128e-05	0.99996805	1.7836857e-05
1.240152e-05	8.643721e-06	0.9999789
2.4837198e-05	0.9999603	1.4854607e-05
0.999977	1.504275e-05	7.964755e-06
9.239432e-06	1.0360826e-05	0.99998045
1.5565714e-05	0.9999671	1.7329754e-05
0.99996805	2.6639413e-05	5.3381714e-06
1.6426828e-05	0.99996865	1.4906386e-05
1.2634287e-05	0.999966	2.1370488e-05
1.1994956e-05	0.99996555	2.246478e-05
2.102702e-05	0.9999672	1.1774084e-05
0.46282834	0.27758825	0.25958347
1.3257642e-05	0.99997103	1.5708896e-05
3.5447677e-06	0.00017054954	0.9998259
0.8872711	0.111789264	0.00093965296
0.00018061922	0.9998056	1.38544665e-05
6.711094e-06	1.3911096e-05	0.9999794
1.1877963e-05	0.99996877	1.9346106e-05
9.202323e-06	1.02645645e-05	0.99998057
0.999966	1.106882e-05	2.2877543e-05
9.516e-06	1.0151693e-05	0.99998033
1.3750237e-05	0.99997103	1.5248775e-05
1.2227629e-05	0.9999703	1.7392511e-05
1.5030571e-05	0.99996626	1.8656803e-05
1.3699008e-05	0.99996924	1.7050366e-05
9.496951e-06	1.0244532e-05	0.9999802
1.7883429e-05	0.99996924	1.2845571e-05
1.3310075e-05	0.078143686	0.921843
8.8393856e-05	0.9998815	3.005884e-05
0.9986559	0.0013317759	1.2309751e-05
1.3312808e-05	0.9999721	1.4576817e-05
3.2958113e-05	0.99995637	1.0770851e-05
7.922409e-06	1.851212e-05	0.99997354
1.8180768e-05	0.99996626	1.5530724e-05
5.286315e-06	2.3652881e-05	0.99997103
2.0239446e-05	0.99995756	2.2144957e-05
9.134606e-06	1.010994e-05	0.9999808
6.501197e-06	1.5269738e-05	0.9999782
1.2821189e-05	8.462069e-06	0.99997866
1.2841448e-05	9.0183e-06	0.9999782
2.4001974e-05	0.99995935	1.6710072e-05
6.3066664e-06	1.8104307e-05	0.99997556
9.996508e-06	9.504619e-06	0.99998045
0.99993145	6.272215e-05	5.876642e-06
1.5347163e-05	8.041479e-06	0.99997663
1.2340616e-05	9.015113e-06	0.99997866
1.0865578e-05	0.99996936	1.981829e-05
9.388173e-05	0.999894	1.2001993e-05
1.5539179e-05	7.914022e-06	0.9999765
9.788835e-06	9.928527e-06	0.99998033
1.0790384e-05	0.9999678	2.1341746e-05
1.6428497e-05	0.9999664	1.72204e-05
1.021363e-05	9.386875e-06	0.99998045
4.651838e-06	0.0010992966	0.998896
2.1597574e-05	0.9999627	1.5696753e-05
1.3598734e-05	0.99996483	2.1603511e-05
1.3819908e-05	0.9999651	2.112343e-05
1.7733404e-05	0.99996483	1.7461969e-05
1.487685e-05	0.99996984	1.5302878e-05
0.99994314	5.078306e-05	6.0316474e-06
1.0979919e-05	1.1344448e-05	0.9999777
1.0713588e-05	9.523885e-06	0.99997973
1.5856824e-05	0.9999682	1.6021308e-05
9.5594905e-06	9.914044e-06	0.99998057
2.2620221e-05	0.9999651	1.2331037e-05
4.0027735e-06	0.00036886407	0.9996271
5.598426e-06	2.8663515e-05	0.9999658
2.8107263e-05	0.99987614	9.5667776e-05
1.0689763e-05	0.9999583	3.0962252e-05
1.3500674e-05	0.99996996	1.6623399e-05
1.1614573e-05	0.9999608	2.7628274e-05
8.29502e-06	1.1081972e-05	0.99998057
3.6254834e-05	0.999808	0.00015576
1.4662345e-05	1.3838066e-05	0.9999715
1.2698801e-05	9.293627e-06	0.99997807
1.2850789e-05	0.999972	1.5161047e-05
1.6005395e-05	0.9999682	1.5813841e-05
1.1804815e-05	0.9999684	1.9756415e-05
1.36820845e-05	0.9999548	3.1520234e-05
0.9999219	7.317783e-05	4.8323163e-06
1.3856258e-05	0.99996924	1.6879985e-05
1.8783163e-05	0.99995863	2.2524604e-05
1.5351961e-05	8.222541e-06	0.9999764
1.0857914e-05	9.1013135e-06	0.9999801
1.5780892e-05	0.99996996	1.42874715e-05
1.2753462e-05	0.9999713	1.592493e-05
1.2518397e-05	8.666172e-06	0.9999788
0.9999763	1.0236845e-05	1.3473196e-05
1.0249389e-05	9.672576e-06	0.9999801
2.4600344e-05	0.9999609	1.4583509e-05
1.4935669e-05	0.9999703	1.47647315e-05
7.3686665e-06	1.3851952e-05	0.9999788
0.0001557993	7.1835734e-06	0.99983704
1.3612744e-05	0.99996555	2.0891284e-05
7.6294245e-06	1.2717751e-05	0.9999796
1.76715e-05	0.99996793	1.445954e-05
9.866014e-06	1.0933385e-05	0.99997926
1.3968199e-05	0.99996936	1.6705697e-05
9.7882385e-06	0.022324486	0.9776658
8.242214e-06	0.99996376	2.8066492e-05
1.7628932e-05	0.99996424	1.8118575e-05
1.36263725e-05	0.99997056	1.5871581e-05
1.4211047e-05	0.99996996	1.5840104e-05
2.3103164e-05	0.99996567	1.1237764e-05
7.5115954e-06	0.014528492	0.98546404
1.8325776e-05	0.99996555	1.6119382e-05
5.2134938e-06	2.770502e-05	0.9999671
6.1219516e-06	1.665702e-05	0.99997723
1.3984344e-05	0.9999677	1.8303337e-05
1.4796124e-05	0.9999713	1.3979993e-05
0.0021743595	0.9977761	4.953662e-05
1.1336651e-05	8.879065e-06	0.99997973
4.390533e-05	0.99994576	1.0357997e-05
1.0012535e-05	9.8175915e-06	0.9999802
4.1277062e-06	9.7625954e-05	0.9998982
1.2802613e-05	0.9999697	1.7533192e-05
1.6087411e-05	0.99996865	1.5202983e-05
1.1851199e-05	0.9999628	2.5407206e-05
1.1485894e-05	8.75717e-06	0.99997973
8.953455e-06	1.088316e-05	0.9999802
7.980129e-06	1.3914355e-05	0.99997807
9.612569e-06	9.875996e-06	0.99998057
7.763555e-06	1.2067417e-05	0.9999802
1.2126462e-05	0.9999689	1.8950563e-05
1.4285503e-05	0.9999695	1.6157937e-05
9.4585785e-06	9.835711e-06	0.9999807
8.1536455e-06	1.2400617e-05	0.9999795
7.2336093e-06	1.3240797e-05	0.9999795
5.370254e-06	0.998412	0.0015825701
3.6047734e-06	0.00026513834	0.99973124
1.3131173e-05	0.9999684	1.8496514e-05
0.99997365	1.664856e-05	9.714539e-06
1.7808305e-05	0.9999691	1.3170162e-05
1.5305364e-05	0.9999654	1.9306726e-05
1.7471642e-05	0.99996924	1.3198932e-05
1.9575657e-05	0.9999685	1.1868719e-05
2.0638874e-05	0.99995303	2.6327025e-05
5.651727e-06	1.896978e-05	0.9999753
1.6368573e-05	0.9999647	1.8929839e-05
7.442113e-06	1.2015871e-05	0.99998057
0.99997663	1.5407788e-05	7.974511e-06
9.616465e-06	1.1749642e-05	0.99997866
1.5558675e-05	0.9999658	1.8629538e-05
0.99986076	0.00013514498	3.9988854e-06
1.2574327e-05	9.141756e-06	0.9999783
9.711267e-06	0.99996686	2.3459947e-05
8.092861e-06	0.9999572	3.4683515e-05
9.381619e-06	1.1302965e-05	0.99997926
1.3834698e-05	8.200337e-06	0.99997795
7.3343513e-06	1.2411404e-05	0.9999802
1.0976611e-05	9.310694e-06	0.99997973
0.00024847616	0.99972695	2.450179e-05
9.560163e-06	1.0116937e-05	0.99998033
0.9999739	9.524265e-06	1.6576827e-05
2.2487002e-05	0.005183726	0.99479383
3.581067e-05	0.99995136	1.29292475e-05
1.0050276e-05	0.99996495	2.5050405e-05
8.5436795e-06	1.069296e-05	0.9999808
0.99993324	6.0873434e-05	5.833267e-06
3.1502354e-06	0.00024162148	0.9997552
6.395199e-06	1.6661275e-05	0.999977
6.73169e-06	1.3821215e-05	0.9999795
8.155063e-06	1.1144353e-05	0.9999807
1.0028695e-05	9.665017e-06	0.99998033
9.98485e-06	1.0053044e-05	0.99998
1.0281691e-05	9.979737e-06	0.99997973
2.4239644e-05	7.677787e-06	0.99996805
1.5425781e-05	0.99996495	1.968522e-05
5.972664e-06	1.6016807e-05	0.99997807
1.2980206e-05	0.99996924	1.771065e-05
1.1991761e-05	0.9999728	1.5170706e-05
7.0689957e-06	1.5249197e-05	0.9999777
8.161005e-06	1.150253e-05	0.99998033
9.299652e-06	1.2030904e-05	0.99997866
1.5321137e-05	0.99996734	1.7267037e-05
9.909003e-06	1.1753167e-05	0.9999783
8.128753e-06	1.17782665e-05	0.9999801
1.0331897e-05	1.0055869e-05	0.9999796
1.5902382e-05	0.9999676	1.6535545e-05
2.4147987e-05	0.9999571	1.8690735e-05
2.8310495e-05	0.9999596	1.2201963e-05
0.001208883	1.3273495e-05	0.9987778
9.062147e-06	0.99917066	0.00082026137
1.035412e-05	1.0109618e-05	0.9999795
1.5699434e-05	0.9999676	1.6655162e-05
0.99997747	1.0849119e-05	1.1693869e-05
1.2143013e-05	0.9999652	2.2706005e-05
7.941501e-06	1.1928532e-05	0.9999801
1.37237885e-05	0.9999684	1.786669e-05
7.637723e-06	1.3862996e-05	0.99997854
7.3894903e-06	1.5623156e-05	0.999977
0.00019100624	0.99979824	1.0762864e-05
2.1941934e-05	0.9999647	1.33287285e-05
1.7047809e-05	0.99994326	3.9654165e-05
1.1373482e-05	0.9999684	2.0266183e-05
2.2218966e-05	0.99996567	1.2105222e-05
0.0067196093	0.55198175	0.44129857
4.749622e-06	5.2605148e-05	0.99994266
5.044889e-06	2.075583e-05	0.99997425
1.552575e-05	0.9999654	1.9119576e-05
1.1634436e-05	8.898746e-06	0.9999795
1.073529e-05	0.99997103	1.8213012e-05
1.2047362e-05	0.9999572	3.075868e-05
1.3981318e-05	0.9999659	2.008977e-05
1.0961503e-05	0.9999728	1.6189457e-05
8.087967e-06	1.3006663e-05	0.9999789
2.2443872e-05	0.9999567	2.0857857e-05
1.2912002e-05	0.94678503	0.053202085
7.3717365e-06	1.41063465e-05	0.99997854
1.0232133e-05	1.0398539e-05	0.9999794
0.61310303	3.7801474e-05	0.38685924
0.9999765	9.717921e-06	1.3711041e-05
1.2124837e-05	0.9999645	2.3351362e-05
1.666855e-05	0.99996996	1.3320449e-05
5.788368e-05	0.9999268	1.5233274e-05
9.156637e-06	0.9999683	2.256182e-05
4.4440594e-06	4.5247514e-05	0.9999503
6.083321e-06	2.1211988e-05	0.9999727
0.99997795	1.3602143e-05	8.490672e-06
2.3966224e-05	0.99995947	1.660651e-05
1.4011119e-05	0.9999703	1.5623797e-05
0.9999752	1.697776e-05	7.894382e-06
7.986369e-06	1.2386612e-05	0.9999796
1.3267534e-05	0.9999691	1.7587272e-05
7.1310437e-06	1.5539652e-05	0.99997735
2.3458722e-05	0.99996054	1.6012586e-05
1.545266e-05	0.99996746	1.7062373e-05
1.5036263e-05	0.9999548	3.0178582e-05
8.099829e-06	1.3398779e-05	0.99997854
1.6988359e-05	0.9999641	1.8861801e-05
1.7171185e-05	0.99996436	1.8511737e-05
8.395403e-06	0.9999504	4.1254483e-05
1.0056452e-05	0.99996316	2.6805901e-05
1.1587253e-05	0.9999689	1.9591782e-05
0.9999502	4.4883574e-05	4.9055666e-06
6.2110284e-06	0.004718127	0.9952756
1.3818377e-05	9.93561e-06	0.9999763
0.9999505	3.5280875e-05	1.4223461e-05
1.0558242e-05	9.330928e-06	0.9999801
0.9999758	1.7334103e-05	6.9604234e-06
4.304223e-05	0.999933	2.4001502e-05
9.527739e-06	1.0325116e-05	0.9999801
1.6827196e-05	0.99996996	1.3202239e-05
9.073771e-06	1.0815336e-05	0.9999801
1.6160724e-05	0.9999665	1.7253524e-05
8.025238e-06	1.2510064e-05	0.9999795
7.5064568e-06	1.2984077e-05	0.9999795
1.5467693e-05	0.9999604	2.4045828e-05
7.2681037e-06	1.3825702e-05	0.9999789
1.2094677e-05	0.9999707	1.7314023e-05
1.251603e-05	0.99996996	1.7497534e-05
2.1120619e-05	0.9999589	2.0043894e-05
5.5843015e-05	0.99993014	1.4023081e-05
8.70203e-06	1.0847838e-05	0.99998045
6.414222e-05	0.99986815	6.771811e-05
1.37646275e-05	0.9999709	1.543404e-05
5.547569e-06	0.99941003	0.000584326
1.6989892e-05	0.99996185	2.1152226e-05
3.401209e-05	0.9999505	1.5487218e-05
1.08287495e-05	0.99996924	1.9938498e-05
8.067976e-06	1.2054427e-05	0.99997985
7.0938654e-06	1.3703509e-05	0.99997926
8.6047185e-06	1.0833572e-05	0.99998057
6.7159067e-06	1.4231642e-05	0.999979
3.8051758e-06	0.00059725996	0.99939895
9.279739e-06	0.99996555	2.5141895e-05
2.8729323e-06	0.00030202518	0.9996952
1.9127834e-05	0.99993575	4.522891e-05
8.041416e-06	1.1915003e-05	0.9999801
0.9999769	1.516919e-05	7.973783e-06
1.2965464e-05	0.9999696	1.7433034e-05
1.0569977e-05	9.560596e-06	0.99997985
7.2489656e-06	1.3468174e-05	0.99997926
0.95470446	0.04414398	0.0011515818
0.9999759	1.0503524e-05	1.360253e-05
1.13616325e-05	1.0845968e-05	0.9999778
1.4310122e-05	0.99996996	1.5724976e-05
1.1402332e-05	9.318301e-06	0.99997926
3.866867e-06	8.3735875e-05	0.9999124
4.7073507e-05	0.99993634	1.6550268e-05
0.99996865	8.050347e-06	2.326803e-05
9.905051e-06	1.0172389e-05	0.99998
3.225468e-05	0.9999542	1.3443737e-05
1.5123825e-05	0.9999715	1.3391556e-05
1.0947396e-05	8.92344e-06	0.9999801
1.4559729e-05	0.99996734	1.8062872e-05
1.9588677e-05	0.9999678	1.2576475e-05
9.929263e-06	0.9999676	2.2575256e-05
9.901108e-06	9.691416e-06	0.99998045
1.2574587e-05	0.99996746	2.0000623e-05
1.0092782e-05	1.0135357e-05	0.99997973
4.8493264e-05	0.9999335	1.7965574e-05
9.534168e-06	1.01112855e-05	0.99998033
7.107397e-06	1.441192e-05	0.9999784
0.9999771	1.4663225e-05	8.261714e-06
4.626957e-06	0.00050527597	0.99949
0.9932805	1.787254e-05	0.00670168
0.9905325	0.009417504	4.9937324e-05
9.602338e-06	1.0402772e-05	0.99998
9.2872515e-06	1.040099e-05	0.99998033
1.4031968e-05	0.9999714	1.45683725e-05
9.778172e-06	9.815507e-06	0.99998045
9.6376325e-06	1.0235595e-05	0.9999801
1.3473777e-05	0.99996984	1.6698426e-05
7.669822e-06	1.3247158e-05	0.99997914
1.1347205e-05	0.999969	1.9717501e-05
0.0023799518	0.99760497	1.5051156e-05
1.725792e-05	0.99997044	1.2262009e-05
3.8421667e-06	4.8811627e-05	0.9999473
9.600215e-06	1.0352397e-05	0.9999801
1.31288025e-05	0.9999701	1.6845199e-05
1.2075831e-05	0.9999677	2.0273592e-05
6.214211e-06	0.9994313	0.00056249596
8.33308e-06	0.999913	7.866547e-05
1.39389085e-05	0.9999721	1.3990341e-05
8.113883e-06	1.5360325e-05	0.9999765
1.415963e-05	0.99996734	1.8434383e-05
0.99997604	1.2146562e-05	1.1834482e-05
1.3481241e-05	0.9999715	1.5025662e-05
1.0454805e-05	1.0637162e-05	0.9999789
8.3103005e-06	1.6939164e-05	0.9999747
2.5590389e-05	0.99995995	1.4374059e-05
1.4938312e-05	0.99996996	1.5093486e-05
7.868846e-06	1.2501204e-05	0.9999796
9.6738195e-06	1.0438279e-05	0.99997985
6.9956927e-06	1.4490395e-05	0.99997854
1.5750164e-05	0.9999702	1.4094423e-05
1.5824944e-05	0.99996805	1.610805e-05
7.591179e-06	1.3419374e-05	0.999979
1.34810325e-05	0.99996746	1.9131727e-05
1.2697714e-05	0.9999678	1.9382427e-05
4.6498253e-06	6.788908e-05	0.9999274
1.0871278e-05	4.0705112e-05	0.9999484
1.0792719e-05	0.9999666	2.2485185e-05
0.9999716	1.5844316e-05	1.25306815e-05
1.2278877e-05	0.99996996	1.7818851e-05
2.1226764e-05	0.9999633	1.5448573e-05
1.181088e-05	0.999969	1.9215979e-05
1.1697772e-05	0.9999602	2.8157545e-05
0.9999771	1.476869e-05	8.106564e-06
1.1316421e-05	9.834015e-06	0.9999789
1.1766378e-05	9.138181e-06	0.99997914
1.4522719e-05	0.9999685	1.6891308e-05
1.6345752e-05	0.99997056	1.311118e-05
1.2031779e-05	0.99996936	1.855538e-05
1.4400728e-05	0.99925035	0.00073519885
2.1061704e-05	0.9999646	1.4327196e-05
8.5877955e-06	0.9999641	2.7328084e-05
1.4736983e-05	0.9999707	1.45355125e-05
0.016657231	0.98333305	9.689001e-06
1.0025404e-05	0.99997056	1.9412766e-05
6.871003e-06	1.38870355e-05	0.99997926
9.308164e-06	9.8934e-06	0.9999808
1.934523e-05	0.99996173	1.8998651e-05
1.1871219e-05	0.99997115	1.6920245e-05
2.0138776e-05	0.9999541	2.5780964e-05
6.4486558e-06	0.9979691	0.002024483
9.8715245e-06	1.8956282e-05	0.99997115
0.99994993	3.870482e-05	1.1328813e-05
8.952006e-06	1.1487865e-05	0.9999796
2.3112432e-05	0.9999356	4.1252024e-05
6.951674e-05	5.7169023e-06	0.9999248
1.3172842e-05	0.99996865	1.8102144e-05
7.608734e-06	1.4183205e-05	0.9999782
1.2791707e-05	0.99995494	3.2254855e-05
9.323022e-06	1.045834e-05	0.9999802
9.168764e-06	1.0300523e-05	0.99998057
1.3235124e-05	0.99996865	1.80651e-05
0.999972	9.944725e-06	1.81164e-05
1.1496213e-05	9.167014e-06	0.9999794
9.2210175e-06	1.11721165e-05	0.9999796
7.4430477e-06	1.6119235e-05	0.9999764
1.0897278e-05	0.9999682	2.1025335e-05
7.1023496e-06	1.2485821e-05	0.99998045
1.0123149e-05	0.99995804	3.181048e-05
8.356758e-06	2.473857e-05	0.99996686
1.004273e-05	0.9995505	0.0004394253
9.781656e-06	1.0227798e-05	0.99998
7.750405e-06	1.172723e-05	0.99998057
1.2554253e-05	8.574747e-06	0.9999789
0.9999707	8.661913e-06	2.0579508e-05
2.2482694e-05	0.99996555	1.1892375e-05
4.565697e-06	3.3006752e-05	0.99996245
7.236869e-06	1.2840527e-05	0.99998
1.1331849e-05	0.999966	2.2703643e-05
1.399768e-05	0.9999653	2.0730342e-05
1.1195071e-05	8.902298e-06	0.99997985
0.99794894	0.0020451453	5.9141307e-06
4.0085717e-05	0.99994123	1.8749406e-05
1.6811031e-05	0.99996257	2.0664262e-05
1.684343e-05	0.9999672	1.600013e-05
9.291976e-06	1.0966023e-05	0.99997973
7.375602e-06	1.2392221e-05	0.9999802
4.7972285e-06	2.7030761e-05	0.9999682
3.3047865e-05	0.9999522	1.4725766e-05
7.649204e-06	1.3738387e-05	0.99997866
0.99995494	3.861977e-05	6.391211e-06
1.0256236e-05	1.0267031e-05	0.9999795
8.65186e-06	1.2673619e-05	0.99997866
1.7353299e-05	0.9999658	1.6750515e-05
5.626045e-06	0.9999175	7.690556e-05
4.4533732e-05	0.99993384	2.1589743e-05
0.99989843	9.711164e-05	4.411998e-06
0.99997663	1.2258016e-05	1.1073687e-05
3.012764e-06	0.0002710716	0.9997259
9.48197e-06	9.846421e-06	0.9999807
1.5771215e-05	0.9999689	1.5378324e-05
6.908054e-06	0.9996867	0.000306394
0.999967	2.7516664e-05	5.5001483e-06
1.1336651e-05	8.879065e-06	0.99997973
1.3577833e-05	0.9999707	1.5701775e-05
3.9419123e-05	6.612239e-06	0.999954
0.989627	0.000104655504	0.010268312
0.00020359272	0.9997832	1.3193053e-05
1.3391032e-05	0.99997044	1.6234564e-05
1.0310971e-05	1.0110796e-05	0.9999796
9.1922375e-06	1.0252599e-05	0.99998057
1.0014042e-05	9.888272e-06	0.9999801
3.4194072e-06	0.00011106644	0.99988556
1.32227615e-05	0.99996686	1.9951329e-05
1.20291725e-05	0.9999664	2.1521762e-05
1.0771277e-05	9.5150335e-06	0.99997973
2.9525572e-05	0.9999516	1.8876535e-05
0.0005318552	0.9994442	2.3927505e-05
1.3072527e-05	0.9999659	2.099497e-05
8.810863e-06	1.1033638e-05	0.9999802
1.0153774e-05	0.99996793	2.1910766e-05
6.0219672e-06	1.7525435e-05	0.9999764
1.2040475e-05	0.9999652	2.2817341e-05
9.097024e-06	1.1972168e-05	0.9999789
0.9999771	1.4048316e-05	8.841432e-06
0.9999689	2.4415476e-05	6.6371604e-06
1.3756966e-05	0.9999645	2.1852136e-05
8.384244e-06	1.1432612e-05	0.9999802
1.1406283e-05	8.976337e-06	0.9999796
1.1822244e-05	0.9999504	3.7740483e-05
