0.99993336	4.6483925e-05	2.0183657e-05
1.47897035e-05	0.9999751	1.0167006e-05
1.2613066e-05	0.9999702	1.7164703e-05
3.4628134e-05	0.9999422	2.31934e-05
0.99977046	0.0002163181	1.3195691e-05
0.9999263	4.7628502e-05	2.6042899e-05
0.9999373	2.426027e-05	3.8432518e-05
0.9997534	2.3576125e-05	0.0002229708
7.584923e-06	2.9132187e-05	0.9999633
1.0872787e-05	1.4469292e-05	0.9999746
1.3052679e-05	0.9999733	1.376701e-05
1.5084236e-05	1.0938698e-05	0.999974
1.3023234e-05	1.1796206e-05	0.9999752
1.4625694e-05	1.2300082e-05	0.99997306
0.00013234705	0.99985826	9.471736e-06
2.6697391e-05	0.9999658	7.49075e-06
3.2508775e-05	0.9999552	1.2277548e-05
7.7016375e-06	0.9999684	2.3893137e-05
1.3140547e-05	0.9999745	1.2356321e-05
1.8079778e-05	9.799645e-06	0.9999721
2.535345e-05	0.9999677	6.9198477e-06
8.680885e-06	0.9999614	2.989659e-05
1.3365315e-05	1.3149473e-05	0.99997354
1.2823335e-05	1.1880737e-05	0.9999753
1.14500735e-05	1.3767489e-05	0.9999747
1.416372e-05	1.1956545e-05	0.9999739
0.99992824	3.2198157e-05	3.9617356e-05
1.8659934e-05	0.99993956	4.175975e-05
1.8185488e-05	1.0540402e-05	0.9999713
9.75994e-06	1.823451e-05	0.999972
3.6409725e-05	0.9999083	5.533964e-05
1.0737714e-05	1.8630179e-05	0.9999707
1.4174939e-05	0.9999722	1.358034e-05
7.999943e-06	0.9999105	8.1530336e-05
1.3301232e-05	0.9999596	2.7100403e-05
1.2721451e-05	1.2380425e-05	0.99997485
0.45432463	0.5439927	0.0016826796
3.7174552e-05	0.9999496	1.3197991e-05
7.66124e-06	3.3248547e-05	0.9999591
8.60233e-06	1.8584931e-05	0.9999728
1.1554254e-05	0.99997616	1.2325355e-05
1.386744e-05	2.7512317e-05	0.99995863
1.0709007e-05	1.4759753e-05	0.9999745
7.335883e-05	0.9839348	0.015991917
0.9999349	2.4236138e-05	4.0923318e-05
1.2954175e-05	0.99996746	1.959433e-05
1.0463985e-05	0.9999695	1.9982019e-05
2.1721196e-05	0.99981195	0.0001664248
1.3350588e-05	1.3157916e-05	0.99997354
1.2412049e-05	1.2771204e-05	0.99997485
4.6158937e-05	0.9999145	3.936306e-05
1.2590071e-05	1.7720236e-05	0.9999697
9.891182e-06	1.6907456e-05	0.9999732
1.0055233e-05	0.99995077	3.9202347e-05
2.1466054e-05	0.9999609	1.7646655e-05
1.2623728e-05	0.9999777	9.645288e-06
8.1132726e-05	0.99991024	8.59615e-06
9.023304e-06	1.9737394e-05	0.9999713
0.043331504	0.95662683	4.1593754e-05
1.5813815e-05	1.1100896e-05	0.99997306
0.0002455733	0.99974376	1.0554298e-05
1.7342982e-05	0.9997392	0.00024331838
1.7924922e-05	0.99997234	9.745668e-06
9.435898e-06	0.9999757	1.4893093e-05
3.99486e-05	0.99994993	1.0128427e-05
1.516626e-05	0.99996483	2.0050435e-05
1.3971958e-05	0.9999752	1.0788396e-05
2.215017e-05	0.9999659	1.19114475e-05
9.530133e-06	1.666556e-05	0.9999738
0.00013862521	0.99985313	8.184314e-06
0.9999325	4.541739e-05	2.2000737e-05
9.895901e-06	1.6919537e-05	0.9999732
1.3429181e-05	1.2268758e-05	0.99997425
1.4590106e-05	1.9475128e-05	0.9999659
1.3214007e-05	1.1980092e-05	0.99997485
1.2667264e-05	1.3268775e-05	0.999974
4.5713405e-05	0.9999411	1.3183313e-05
0.99993396	3.1522282e-05	3.455079e-05
9.338927e-06	0.9998233	0.00016743678
1.14640525e-05	1.4453743e-05	0.99997413
1.1921481e-05	1.3734437e-05	0.99997437
1.612292e-05	0.99996674	1.7159273e-05
4.192235e-05	0.99992895	2.9115994e-05
4.184847e-05	0.9999342	2.4012037e-05
1.2988515e-05	0.99997497	1.2024941e-05
1.5200136e-05	1.0961682e-05	0.9999739
8.476167e-06	0.9999056	8.597385e-05
1.0145715e-05	1.5692833e-05	0.99997413
0.99994266	2.7519907e-05	2.979655e-05
7.823136e-06	2.4884079e-05	0.99996734
1.1074458e-05	0.9999746	1.43606085e-05
6.1033434e-06	7.204062e-05	0.9999218
0.00038107304	0.999548	7.086734e-05
2.6810709e-05	8.102293e-06	0.9999651
1.3682197e-05	0.9999696	1.6644462e-05
1.6264283e-05	1.07605565e-05	0.99997294
0.9998338	0.00015245817	1.3698277e-05
1.1793712e-05	0.99962926	0.0003589782
1.0748617e-05	1.5495392e-05	0.9999738
1.1562718e-05	0.99997604	1.2362281e-05
0.9999393	2.8429098e-05	3.2318614e-05
1.0169232e-05	1.5138548e-05	0.9999747
1.1911589e-05	0.99997294	1.516874e-05
8.543756e-06	0.99996305	2.8385693e-05
1.1464914e-05	1.3513069e-05	0.99997497
0.9999368	2.8253102e-05	3.49464e-05
0.9999362	4.0776344e-05	2.2965762e-05
0.99993765	2.5053736e-05	3.7368143e-05
8.5991605e-06	0.9999286	6.285934e-05
5.7388057e-05	0.9999306	1.2043964e-05
1.0198034e-05	0.99997044	1.93066e-05
0.9999026	3.5083416e-05	6.230589e-05
0.0019424034	1.068228e-05	0.9980469
1.3480055e-05	0.9999703	1.6229083e-05
1.0292064e-05	1.5304246e-05	0.99997437
1.8140703e-05	0.9999726	9.351945e-06
0.9999374	2.5641504e-05	3.6912923e-05
0.0019559735	0.9980198	2.4246836e-05
4.678878e-05	8.872132e-06	0.9999443
1.3931934e-05	0.99997604	9.982288e-06
1.6355121e-05	0.9999713	1.2376921e-05
1.6141787e-05	1.0164858e-05	0.99997365
1.3210307e-05	0.9999695	1.7270893e-05
2.1912683e-05	0.9999324	4.5621415e-05
1.3883479e-05	0.999974	1.2172825e-05
1.1814222e-05	0.9999696	1.8561881e-05
1.2573412e-05	1.2245275e-05	0.9999752
8.512724e-06	0.99996734	2.4178284e-05
1.02764225e-05	1.6196402e-05	0.99997354
1.2690284e-05	0.99996614	2.1166443e-05
2.1344249e-05	0.9999677	1.0995967e-05
9.675488e-06	1.6354354e-05	0.999974
3.137398e-05	8.775095e-06	0.9999598
1.5858703e-05	0.9999523	3.1799926e-05
1.5152462e-05	0.9999635	2.12991e-05
1.0510833e-05	0.9999753	1.4138045e-05
8.08717e-06	0.999864	0.00012795042
4.2745498e-05	0.09792901	0.9020282
1.3137781e-05	1.2170153e-05	0.9999747
1.5945667e-05	0.99993646	4.757683e-05
1.6702079e-05	0.9999254	5.787565e-05
0.0005351755	0.99945205	1.2801978e-05
0.9839145	0.015656808	0.00042874442
0.0023099412	0.997681	9.00147e-06
1.0647149e-05	1.5190024e-05	0.99997413
6.362767e-06	5.5814475e-05	0.9999378
1.16098145e-05	1.3979144e-05	0.99997437
0.5029039	0.4970183	7.7825185e-05
1.4461164e-05	1.1198971e-05	0.99997437
1.6506563e-05	0.99997187	1.1649513e-05
1.19744e-05	1.3363811e-05	0.9999746
1.9889818e-05	9.233865e-06	0.9999709
0.99993813	3.610917e-05	2.568957e-05
9.485268e-06	1.6685166e-05	0.9999738
1.349424e-05	1.1628502e-05	0.99997485
1.7514543e-05	9.836056e-06	0.9999727
0.9999399	2.5948375e-05	3.410993e-05
1.3155653e-05	1.1726853e-05	0.9999751
1.3292592e-05	0.9999583	2.8351662e-05
1.6435488e-05	1.0551001e-05	0.99997306
1.0142159e-05	0.999944	4.592148e-05
1.0119967e-05	2.1094416e-05	0.99996877
0.00070259866	0.9982185	0.0010789265
1.29316795e-05	1.35406435e-05	0.99997354
5.0219896e-06	0.0003033985	0.9996916
0.9997944	0.0001816391	2.3939634e-05
2.0474838e-05	0.9999689	1.0560964e-05
0.580846	0.418785	0.0003689897
9.477985e-06	0.9999733	1.7140152e-05
1.1523406e-05	0.9999777	1.0696946e-05
1.8845083e-05	0.999972	9.157204e-06
1.1357945e-05	1.3898275e-05	0.9999747
0.99972147	0.00026710998	1.1387017e-05
9.628058e-06	0.9999714	1.8916502e-05
1.2975403e-05	0.9999759	1.1060824e-05
7.458275e-06	9.707255e-05	0.99989545
2.1112424e-05	0.9709327	0.02904623
1.3160794e-05	1.2011323e-05	0.99997485
3.7481113e-05	0.96215653	0.037805956
9.550907e-06	1.7336353e-05	0.99997306
1.28084175e-05	1.2343183e-05	0.99997485
9.9580175e-06	1.5519865e-05	0.9999745
8.741781e-06	2.8946222e-05	0.99996233
1.0160414e-05	1.5812728e-05	0.999974
1.2659947e-05	1.2238269e-05	0.9999751
1.2074469e-05	1.2969182e-05	0.99997497
1.22471465e-05	0.99996686	2.0856754e-05
1.5050253e-05	0.9998729	0.000112016976
1.4157671e-05	0.99997294	1.2870461e-05
2.5013862e-05	0.9999641	1.0886534e-05
9.862848e-06	2.0001497e-05	0.9999701
2.561931e-05	0.99989927	7.51216e-05
1.5265125e-05	1.1192535e-05	0.99997354
2.6339243e-05	0.98752826	0.012445422
9.383219e-06	0.9999676	2.304384e-05
1.28685815e-05	1.2545139e-05	0.9999746
9.603861e-06	0.9999746	1.5717209e-05
1.3807652e-05	1.1931876e-05	0.99997425
1.278298e-05	0.9999285	5.8739937e-05
2.0389598e-05	0.9999722	7.347805e-06
0.99992716	5.5022454e-05	1.7749315e-05
1.2579878e-05	1.320042e-05	0.99997425
6.1310006e-06	0.000110291476	0.99988353
3.4218087e-05	0.9999548	1.091292e-05
1.1442873e-05	0.9999703	1.8244951e-05
1.9419136e-05	1.4673132e-05	0.9999659
1.0169883e-05	0.99993384	5.6023036e-05
0.99993753	2.2337572e-05	4.014962e-05
9.947278e-06	1.599575e-05	0.999974
1.2208752e-05	1.56063e-05	0.9999722
1.20907725e-05	0.99967074	0.00031723749
1.323219e-05	0.9999758	1.0926269e-05
3.541476e-05	0.9999529	1.1729669e-05
9.455315e-06	0.999956	3.4555836e-05
0.00020168182	0.9997887	9.686397e-06
1.3253566e-05	1.2227027e-05	0.9999745
4.3636737e-05	0.99994826	8.117083e-06
6.462994e-06	3.828319e-05	0.9999553
4.1337233e-05	0.9999516	7.0272854e-06
6.94894e-06	2.8118955e-05	0.99996495
1.4627858e-05	1.1279281e-05	0.99997413
1.1122671e-05	0.999972	1.6960357e-05
1.4192192e-05	0.99997365	1.2132582e-05
1.39742415e-05	1.2406472e-05	0.99997365
2.3312245e-05	0.9999654	1.1170924e-05
1.8200313e-05	0.9999697	1.2018675e-05
1.1064826e-05	0.9999714	1.7478678e-05
5.0643807e-06	9.1563175e-05	0.9999033
1.3497542e-05	1.20671075e-05	0.9999745
1.5043309e-05	0.99997413	1.08443355e-05
9.757305e-06	0.9999651	2.5162968e-05
1.1104462e-05	0.9999738	1.510721e-05
1.2366015e-05	0.9999757	1.1867356e-05
3.9066268e-05	0.9999535	7.3977994e-06
1.1361524e-05	0.9999769	1.1844485e-05
0.9848316	0.015140029	2.8366389e-05
9.041433e-06	1.9038658e-05	0.99997187
8.0849295e-06	0.9999417	5.0180006e-05
1.1065591e-05	0.99996436	2.4556457e-05
0.987745	0.012240117	1.4954759e-05
2.2489738e-05	0.9999697	7.785673e-06
1.7148075e-05	0.99995756	2.521623e-05
4.7487294e-05	0.9999343	1.8211404e-05
1.5980335e-05	0.9999682	1.5802278e-05
1.0843521e-05	1.4808676e-05	0.99997437
2.3445427e-05	0.9999677	8.77395e-06
4.1074043e-05	0.99994636	1.24588105e-05
1.204261e-05	0.9999746	1.3316308e-05
0.9999019	8.127988e-05	1.675171e-05
1.2045538e-05	3.3394095e-05	0.9999546
0.9999399	2.8623166e-05	3.143523e-05
1.25396655e-05	0.999974	1.3524917e-05
1.226019e-05	1.4118674e-05	0.99997365
1.0117441e-05	0.99997663	1.32239875e-05
1.0715669e-05	1.5669315e-05	0.99997365
9.0157926e-05	0.99774903	0.0021608477
0.004894511	0.9950984	7.0759093e-06
0.00018365626	0.9998084	7.957247e-06
1.5934478e-05	1.0531142e-05	0.99997354
1.710493e-05	1.0560698e-05	0.99997234
7.2288894e-06	0.9999658	2.6885695e-05
1.1179541e-05	1.6279097e-05	0.9999726
0.999908	7.735441e-05	1.4692934e-05
1.37119305e-05	1.1729364e-05	0.9999746
3.393933e-05	0.9999461	1.9932904e-05
0.99990606	2.2678392e-05	7.1333e-05
0.9996687	0.00027065517	6.070077e-05
1.3178466e-05	1.2029412e-05	0.99997485
8.265374e-06	2.000275e-05	0.99997175
0.99990404	7.9622645e-05	1.636023e-05
1.0194934e-05	0.99997544	1.4341939e-05
1.5243443e-05	1.0550289e-05	0.99997425
1.4284863e-05	0.99997425	1.1487781e-05
0.9999311	3.2276766e-05	3.6582598e-05
1.7363038e-05	9.866327e-06	0.9999728
6.62954e-05	0.52857774	0.47135594
1.23303e-05	0.9990608	0.0009268581
7.1714758e-06	7.5040436e-05	0.99991775
1.7374043e-05	0.9999589	2.3780996e-05
0.0001988673	0.99976856	3.257305e-05
1.7717923e-05	9.533777e-06	0.9999727
1.1144796e-05	0.9999765	1.236191e-05
1.1375263e-05	0.9999752	1.3503526e-05
1.1951408e-05	0.99997056	1.7526252e-05
1.2396133e-05	1.2254178e-05	0.9999753
1.0504789e-05	1.610743e-05	0.9999734
1.5749178e-05	1.0935479e-05	0.9999733
8.764299e-06	3.2223354e-05	0.999959
1.05353665e-05	1.5421656e-05	0.999974
1.6063197e-05	1.0835443e-05	0.99997306
1.5641232e-05	1.0706537e-05	0.99997365
1.123535e-05	1.4712681e-05	0.999974
6.512026e-05	0.99992347	1.1418649e-05
0.9999043	8.221779e-05	1.3482932e-05
0.99993885	3.1068637e-05	3.0084138e-05
1.2188494e-05	1.3111322e-05	0.9999747
6.6433377e-06	6.1151215e-05	0.99993217
1.0875771e-05	0.99997056	1.8544559e-05
1.0576796e-05	1.5010768e-05	0.99997437
1.1896426e-05	1.2923527e-05	0.9999752
1.3787832e-05	1.2202232e-05	0.999974
1.1861801e-05	0.9999758	1.2274359e-05
1.5104982e-05	0.9999732	1.1649294e-05
1.03500815e-05	2.068835e-05	0.999969
0.0006576069	0.9993142	2.8245231e-05
4.9015187e-05	0.9999337	1.7291437e-05
9.174335e-06	1.8951614e-05	0.99997187
1.1739886e-05	1.3368761e-05	0.99997485
1.3836291e-05	1.1272267e-05	0.99997485
2.8169725e-05	1.217184e-05	0.9999597
1.8812249e-05	0.99997056	1.0644796e-05
1.5490832e-05	1.497185e-05	0.9999695
1.8478688e-05	0.9999713	1.0236774e-05
1.2596331e-05	0.9999566	3.0769723e-05
1.22630745e-05	0.9999677	2.00178e-05
1.9502218e-05	9.223131e-06	0.9999713
1.1683725e-05	2.1352458e-05	0.999967
9.4621555e-06	1.890336e-05	0.9999716
1.1815124e-05	0.9999726	1.5604759e-05
3.379167e-05	1.0497462e-05	0.99995565
1.2168162e-05	1.2609149e-05	0.9999752
1.2348775e-05	0.9999758	1.1773937e-05
1.0498774e-05	0.99996316	2.6367648e-05
1.7923343e-05	0.9999738	8.321896e-06
1.5357746e-05	0.9999764	8.223568e-06
1.0919007e-05	0.99996984	1.9172374e-05
1.1092547e-05	0.99995303	3.583338e-05
0.9999331	4.3863973e-05	2.30563e-05
1.1738135e-05	0.9999696	1.8742661e-05
3.1360232e-05	0.99995744	1.1146157e-05
1.0180583e-05	0.9999745	1.5346048e-05
1.7563614e-05	1.1091798e-05	0.9999714
3.4179084e-05	0.99995494	1.0856606e-05
1.0893964e-05	0.99997306	1.6061573e-05
1.3578873e-05	1.1550483e-05	0.99997485
0.0008442824	0.99905914	9.654664e-05
1.5884594e-05	1.0340107e-05	0.9999738
4.5560773e-05	0.99994695	7.567624e-06
1.9889989e-05	0.99996996	1.0167962e-05
1.6155127e-05	0.999972	1.1772366e-05
0.99994266	3.2575714e-05	2.4853558e-05
9.173753e-06	1.8484436e-05	0.99997234
1.8495171e-05	1.2175834e-05	0.99996936
1.8674451e-05	0.9999695	1.1857462e-05
1.0616398e-05	2.6580148e-05	0.9999628
0.9999298	4.706072e-05	2.3084871e-05
1.0949441e-05	1.3825124e-05	0.9999752
9.0361855e-06	1.996523e-05	0.99997103
8.119351e-06	0.9999654	2.6489572e-05
2.0764921e-05	8.684161e-06	0.99997056
0.0049915705	0.9929547	0.0020538277
3.3997636e-05	0.99995255	1.3415756e-05
1.0851458e-05	2.3086566e-05	0.999966
0.027332753	0.9726142	5.2969044e-05
2.5879981e-05	0.99996614	8.001997e-06
1.3070469e-05	0.99997735	9.547188e-06
0.99991775	5.55317e-05	2.6701558e-05
0.0004764598	0.9995135	1.0030593e-05
8.957845e-06	1.8285895e-05	0.9999727
0.99993587	4.4292985e-05	1.9840887e-05
0.9999392	3.0527965e-05	3.0229068e-05
1.4300443e-05	1.1451117e-05	0.99997425
0.99994206	2.8878301e-05	2.9056404e-05
8.499361e-06	1.9715262e-05	0.99997175
8.60159e-06	3.5921472e-05	0.9999554
9.066569e-06	2.9534958e-05	0.9999614
1.6751714e-05	0.99997544	7.7728455e-06
0.9999403	2.6085072e-05	3.359281e-05
1.1754357e-05	0.99997747	1.0706384e-05
1.4177447e-05	0.99997365	1.2191178e-05
1.5689793e-05	0.99997604	8.245389e-06
1.39525955e-05	1.1938886e-05	0.99997413
1.8141243e-05	0.9999671	1.476022e-05
6.3877626e-05	0.9999306	5.445367e-06
0.9999074	4.8469068e-05	4.410979e-05
1.29942955e-05	1.243024e-05	0.9999746
8.5194015e-06	0.99997234	1.9142295e-05
1.9497691e-05	0.99997175	8.683269e-06
1.260529e-05	0.99997723	1.0097474e-05
9.386415e-06	1.6251995e-05	0.99997437
8.343339e-06	0.9992725	0.0007191236
0.9999286	3.1905733e-05	3.9460476e-05
1.2801507e-05	0.99995303	3.415318e-05
9.489625e-06	4.766946e-05	0.9999428
9.356804e-06	3.353105e-05	0.9999571
1.6663085e-05	1.0270813e-05	0.99997306
1.7238435e-05	1.1848448e-05	0.9999709
1.3432526e-05	0.99997544	1.1087898e-05
0.999897	5.8471276e-05	4.4503307e-05
2.1461687e-05	0.9999691	9.385819e-06
1.0274719e-05	0.9999747	1.4977369e-05
1.4094945e-05	0.99997294	1.3043701e-05
5.937009e-05	0.99993324	7.382349e-06
1.9242343e-05	0.9999554	2.5331292e-05
1.6465981e-05	9.850109e-06	0.99997365
1.4004098e-05	1.1354577e-05	0.9999746
1.0392014e-05	0.99997234	1.7303422e-05
5.4468283e-06	0.00018368756	0.9998109
7.6203837e-06	6.444946e-05	0.9999279
1.2790983e-05	1.4474027e-05	0.9999727
2.4198067e-05	0.9999527	2.3077519e-05
1.608264e-05	0.9999696	1.4315591e-05
0.99992704	5.705296e-05	1.5832733e-05
7.072087e-05	0.9999232	6.112206e-06
1.7792334e-05	9.840369e-06	0.99997234
9.342389e-06	0.9999287	6.200992e-05
0.9998172	0.00016716452	1.5612273e-05
1.664488e-05	0.9999691	1.4202702e-05
9.010482e-06	0.99953926	0.00045174343
0.00030573952	0.048603598	0.95109063
1.765521e-05	9.747008e-06	0.9999726
1.217881e-05	0.9999771	1.0714684e-05
2.135402e-05	0.9999695	9.233553e-06
0.0816349	0.9182399	0.0001251825
1.42640565e-05	0.9999758	9.94999e-06
1.5445105e-05	1.2214414e-05	0.99997234
1.32914765e-05	0.99997544	1.1343428e-05
1.0350099e-05	1.6125552e-05	0.99997354
1.4742664e-05	1.1558126e-05	0.99997365
3.374634e-05	0.31900364	0.6809626
9.451172e-06	1.6815085e-05	0.9999738
8.706816e-06	1.9932171e-05	0.9999714
5.372433e-06	0.0001700358	0.9998246
2.2926093e-05	0.999966	1.1026623e-05
0.8398452	0.16011342	4.1311134e-05
0.99993813	3.527879e-05	2.6600486e-05
1.34289e-05	0.99997056	1.5963618e-05
6.007178e-05	0.9999317	8.259402e-06
1.3461611e-05	1.2024522e-05	0.9999745
1.8635194e-05	9.491929e-06	0.99997187
1.7761276e-05	0.99997044	1.1852025e-05
0.00062423997	0.99935955	1.6219217e-05
1.0919924e-05	0.9999757	1.3387718e-05
8.716568e-06	1.8045932e-05	0.9999732
1.4681081e-05	1.1903317e-05	0.9999734
0.9999385	3.3954744e-05	2.7542372e-05
1.0914429e-05	0.9999778	1.118666e-05
1.5557818e-05	1.0743892e-05	0.99997365
0.9998222	0.00016714672	1.0696159e-05
1.4333723e-05	1.48369945e-05	0.9999708
1.3394783e-05	0.999974	1.266881e-05
1.1581157e-05	1.3542184e-05	0.99997485
1.7947448e-05	0.9999684	1.3608227e-05
1.06600355e-05	0.9999763	1.31050165e-05
5.8674774e-05	0.9999342	7.114257e-06
1.6247615e-05	1.6680904e-05	0.9999671
1.7580589e-05	0.99997234	1.0165689e-05
9.95876e-06	1.8269631e-05	0.99997175
1.4712163e-05	0.010923932	0.98906136
1.7382037e-05	1.0174312e-05	0.99997246
1.2802897e-05	1.33657895e-05	0.9999738
1.2778135e-05	0.9999776	9.6319845e-06
1.931289e-05	0.99996805	1.2633746e-05
6.29643e-05	0.9999299	7.121537e-06
1.1434779e-05	0.99993694	5.156559e-05
7.551777e-06	0.9999554	3.704598e-05
0.99993455	3.4624136e-05	3.0923806e-05
1.042531e-05	0.9999708	1.88129e-05
0.99967885	0.00026544902	5.5813856e-05
1.231551e-05	1.3342873e-05	0.99997437
9.960311e-06	1.5994867e-05	0.999974
1.5904832e-05	1.0229511e-05	0.9999739
9.185457e-06	0.9999447	4.6129127e-05
7.0642156e-05	0.7571307	0.24279864
1.252515e-05	0.9999459	4.15984e-05
1.3289869e-05	1.2087403e-05	0.9999746
1.2403875e-05	7.721588e-05	0.99991035
0.03918867	0.9607784	3.2986653e-05
1.29596865e-05	0.99997413	1.2899538e-05
0.01801711	0.48764658	0.49433628
0.997797	0.0021823682	2.0661751e-05
0.99994075	3.7554495e-05	2.1707305e-05
1.2022362e-05	1.2945691e-05	0.9999751
7.5864773e-06	0.9998373	0.00015511352
1.2523867e-05	1.2398717e-05	0.9999751
1.2329e-05	0.9999734	1.429424e-05
2.2254355e-05	0.9999654	1.2249021e-05
0.99892104	0.001070045	8.91228e-06
1.4662069e-05	1.07854175e-05	0.9999746
1.551977e-05	0.9999646	1.989288e-05
8.356204e-06	0.99996054	3.1147752e-05
1.2700522e-05	1.3735329e-05	0.99997354
1.15968305e-05	0.999974	1.4427438e-05
0.9999331	4.386891e-05	2.298311e-05
0.99981207	0.00010506536	8.288352e-05
1.4466508e-05	0.9999757	9.916814e-06
9.092367e-06	0.9999751	1.5842692e-05
1.5375519e-05	0.9999763	8.386705e-06
1.07185515e-05	0.9999746	1.4646836e-05
1.0984723e-05	1.5328293e-05	0.99997365
0.99982905	2.2353623e-05	0.00014852452
1.4197614e-05	0.99997413	1.16804995e-05
1.1982443e-05	1.3419033e-05	0.9999746
0.053435836	0.9464641	0.0001000266
0.2656355	0.0039663725	0.7303981
1.32434625e-05	0.99997663	1.0154521e-05
1.660557e-05	0.9999745	8.95068e-06
1.156443e-05	1.8815192e-05	0.9999696
9.013002e-06	2.1474654e-05	0.9999695
1.4683095e-05	1.1961886e-05	0.9999733
1.7028453e-05	1.0422685e-05	0.9999726
1.104295e-05	1.3863133e-05	0.9999751
9.4396955e-06	0.99997175	1.8891613e-05
9.579693e-06	0.9999707	1.9777177e-05
1.3252501e-05	0.9999609	2.5920477e-05
1.0164732e-05	0.99997556	1.4290972e-05
0.9999198	6.075575e-05	1.947345e-05
1.312308e-05	1.2240468e-05	0.9999746
0.9999405	2.9355077e-05	3.0157353e-05
2.8785891e-05	0.99996316	8.0465115e-06
1.7376458e-05	0.99997103	1.1560841e-05
0.95882547	0.041104168	7.030615e-05
1.4312358e-05	1.1212994e-05	0.9999745
0.00016753929	1.5125733e-05	0.9998173
1.1599593e-05	0.9999747	1.3690921e-05
0.00823111	0.9917528	1.6067803e-05
9.765575e-06	0.9999721	1.8102326e-05
1.3588249e-05	1.1795199e-05	0.9999746
0.99977475	0.00021314067	1.2133454e-05
1.06279995e-05	0.99997735	1.2052823e-05
8.278926e-05	0.9999101	7.0751344e-06
1.7119086e-05	0.99996996	1.2886931e-05
9.802693e-06	1.9086201e-05	0.99997115
1.6027472e-05	1.0653377e-05	0.9999733
1.5473552e-05	1.1662541e-05	0.9999728
1.2382847e-05	1.4594302e-05	0.99997306
2.6001737e-05	0.0084228525	0.99155116
4.460713e-05	0.032555744	0.96739966
0.99977213	0.000172101	5.577235e-05
0.00020988732	1.3123802e-05	0.999777
7.5092385e-06	2.4870205e-05	0.9999676
1.657768e-05	0.99996424	1.9156603e-05
2.2769344e-05	0.99996614	1.1092163e-05
1.3341463e-05	0.99997556	1.105986e-05
1.5243033e-05	1.0777186e-05	0.999974
1.1437691e-05	1.3497357e-05	0.9999751
1.9306444e-05	1.0886763e-05	0.99996984
1.6733615e-05	0.99997497	8.287154e-06
1.2281176e-05	0.9999627	2.505833e-05
1.0541971e-05	0.9999676	2.197146e-05
1.1227052e-05	0.9999752	1.3588997e-05
1.6791926e-05	1.0560541e-05	0.9999727
1.4824389e-05	1.0790949e-05	0.99997437
1.2472021e-05	0.99997616	1.1344182e-05
1.7718501e-05	1.0318988e-05	0.999972
0.9999428	3.2197793e-05	2.4991961e-05
3.7120746e-05	4.540917e-05	0.9999175
0.9999367	3.156599e-05	3.1765663e-05
1.8238594e-05	0.9999651	1.6731057e-05
1.378062e-05	1.2770516e-05	0.9999734
7.971609e-06	2.6585236e-05	0.9999654
0.008943663	0.9910369	1.945608e-05
1.2620021e-05	0.99997306	1.42484105e-05
1.0073347e-05	0.99997294	1.6888065e-05
8.633247e-06	2.2636552e-05	0.99996877
1.2720261e-05	0.99997675	1.0476391e-05
3.2564203e-05	0.99995935	8.092708e-06
1.7560425e-05	0.9999739	8.60554e-06
1.2739055e-05	1.3206196e-05	0.999974
2.1691227e-05	0.033719707	0.96625865
1.5195464e-05	0.99988675	9.806238e-05
0.99993753	3.0423107e-05	3.2023927e-05
1.6381664e-05	1.0178358e-05	0.9999734
1.5725478e-05	1.098272e-05	0.9999733
7.928293e-05	0.9999076	1.30983435e-05
1.42331155e-05	1.0919644e-05	0.99997485
9.911939e-06	1.5912074e-05	0.99997413
1.6846649e-05	0.9999732	9.998161e-06
1.28685815e-05	1.2545139e-05	0.9999746
1.8892302e-05	0.999972	9.127376e-06
9.749384e-06	0.99997497	1.5268888e-05
8.546054e-06	0.99996686	2.4605702e-05
2.8209675e-05	0.99996364	8.153012e-06
1.5756312e-05	0.99997425	1.0007855e-05
0.9999051	8.117665e-05	1.36972285e-05
0.011720029	0.5393242	0.4489558
0.9999379	4.1573832e-05	2.0551788e-05
4.486244e-05	8.691078e-06	0.9999465
1.4668221e-05	1.0816607e-05	0.9999745
2.5761366e-05	0.99996424	1.0030764e-05
1.1671003e-05	0.9999753	1.29546615e-05
1.1047574e-05	0.99997604	1.2930169e-05
1.7606671e-05	1.0514887e-05	0.99997187
0.00019020603	0.9998018	7.9475485e-06
9.95961e-06	1.5745993e-05	0.99997425
8.2270935e-06	2.7268918e-05	0.9999645
2.1291207e-05	0.99988854	9.01214e-05
1.6154043e-05	1.0252811e-05	0.99997354
6.9298753e-06	2.9783387e-05	0.9999633
0.99994314	3.0776086e-05	2.612697e-05
9.53335e-06	1.870194e-05	0.99997175
5.3350104e-05	0.99993694	9.714664e-06
8.729169e-06	2.1176844e-05	0.9999701
1.0131198e-05	0.99997175	1.8077357e-05
1.18922935e-05	1.4255966e-05	0.9999739
0.9999138	2.3101107e-05	6.30438e-05
8.912712e-06	2.086916e-05	0.9999702
1.569031e-05	1.0807717e-05	0.99997354
1.2467719e-05	1.3082741e-05	0.9999745
1.2868279e-05	0.9999769	1.0300201e-05
0.00173316	0.99825495	1.1866383e-05
0.08470535	0.9150741	0.00022062214
2.6681855e-05	0.99996257	1.0746591e-05
1.23529835e-05	1.2532124e-05	0.9999751
9.21244e-06	1.7843546e-05	0.99997294
1.2316984e-05	0.99997485	1.286819e-05
8.9303485e-06	1.8063009e-05	0.99997306
1.3648794e-05	1.2904906e-05	0.9999734
1.34801485e-05	1.21008825e-05	0.99997437
2.4152268e-05	0.9999598	1.5997677e-05
1.2647986e-05	0.9999759	1.142866e-05
4.235775e-05	0.999951	6.6708444e-06
8.555495e-06	0.9999361	5.531252e-05
1.0654366e-05	1.5710943e-05	0.99997365
0.99468356	1.6875618e-05	0.0052995826
0.99993527	3.1264517e-05	3.355124e-05
1.5013519e-05	0.9999745	1.0480955e-05
3.6548936e-05	0.9999546	8.818051e-06
1.9155223e-05	0.9999722	8.567905e-06
1.0872078e-05	0.99997425	1.4872377e-05
1.5234202e-05	0.9999695	1.5271513e-05
1.5744416e-05	1.1926757e-05	0.99997234
1.29631035e-05	0.99997735	9.670529e-06
1.30831795e-05	1.2289783e-05	0.9999746
3.1421285e-05	0.8889094	0.11105912
1.9661822e-05	0.9999726	7.723927e-06
0.99993443	2.9465911e-05	3.6161415e-05
1.6042242e-05	1.0605338e-05	0.9999733
1.9299785e-05	0.99997306	7.662998e-06
1.3042637e-05	1.2719235e-05	0.99997425
2.2048525e-05	0.99996996	7.934109e-06
0.99993896	3.7436286e-05	2.3581448e-05
9.31343e-06	1.7336228e-05	0.9999733
1.3290304e-05	0.9999769	9.883978e-06
0.9999125	7.1970106e-05	1.5530659e-05
1.5572905e-05	0.999972	1.2420265e-05
7.672548e-06	0.9999579	3.4397424e-05
1.4069317e-05	0.99996984	1.614388e-05
2.2293903e-05	0.9999701	7.672086e-06
5.5695353e-05	0.9936274	0.006316931
1.310029e-05	0.999977	9.888646e-06
8.362951e-06	3.5662517e-05	0.999956
0.59823316	0.39383212	0.007934731
0.9998186	0.00016359355	1.7731385e-05
1.0850113e-05	1.4543001e-05	0.9999746
8.699417e-06	0.9999728	1.8490016e-05
1.0910726e-05	1.3949403e-05	0.9999751
1.2564558e-05	0.9999449	4.2504624e-05
1.2853329e-05	1.2020447e-05	0.9999751
2.1577576e-05	0.9999634	1.5001358e-05
1.1418634e-05	0.9999746	1.3914546e-05
0.0004060045	0.99957675	1.7318613e-05
1.6049016e-05	0.9999758	8.14068e-06
1.6110229e-05	1.1214749e-05	0.9999727
2.291889e-05	0.99996364	1.3442108e-05
6.924133e-05	0.22667556	0.7732552
1.6282565e-05	0.99997115	1.2567284e-05
0.9999306	5.1187304e-05	1.825958e-05
1.3360632e-05	0.99997795	8.738042e-06
0.0020860068	0.99790263	1.1375106e-05
1.3580188e-05	0.9996606	0.00032579832
1.5464122e-05	0.99997556	8.892612e-06
1.0727036e-05	1.7734774e-05	0.9999715
2.6484891e-05	0.9999137	5.979292e-05
9.973186e-06	1.740171e-05	0.9999726
1.0450523e-05	1.60454e-05	0.99997354
1.843264e-05	9.612852e-06	0.999972
9.291698e-06	1.7089134e-05	0.99997365
1.2387826e-05	0.9999527	3.488595e-05
1.3374127e-05	1.1968429e-05	0.9999746
1.4037551e-05	1.1527106e-05	0.9999745
0.999882	0.000102296784	1.5792435e-05
1.3101012e-05	1.2009113e-05	0.99997485
1.10211995e-05	1.4124953e-05	0.99997485
1.1719612e-05	0.9999764	1.1904419e-05
5.400373e-05	0.9999367	9.296425e-06
1.752861e-05	9.99312e-06	0.99997246
1.8727516e-05	1.03580705e-05	0.9999709
1.908385e-05	0.99993944	4.1454492e-05
8.4943356e-05	0.9999044	1.0560796e-05
1.0750461e-05	1.46150915e-05	0.9999746
9.136784e-06	0.99973184	0.00025894644
0.0031302334	0.99683785	3.1818883e-05
2.080095e-05	0.99991226	6.6881585e-05
1.3215026e-05	0.99996626	2.0480133e-05
9.824139e-06	0.9999659	2.4278437e-05
1.7446431e-05	0.9999672	1.5408114e-05
0.9998097	0.00017360429	1.6694828e-05
1.2980293e-05	1.2109434e-05	0.99997497
1.056608e-05	1.48866975e-05	0.9999745
1.31966235e-05	0.99997556	1.12402e-05
1.0850237e-05	1.5458358e-05	0.99997365
0.00010151693	0.9998884	9.962765e-06
1.4990809e-05	1.4565857e-05	0.99997044
1.0287542e-05	0.00029261113	0.9996971
0.9999349	2.5643372e-05	3.9440256e-05
3.2766442e-05	0.9999298	3.7480953e-05
0.0048387526	0.9951132	4.8087124e-05
9.678378e-06	0.9999169	7.341001e-05
1.1023679e-05	1.5343869e-05	0.99997365
2.804283e-05	0.99995863	1.3402142e-05
2.9969222e-05	1.6899057e-05	0.99995315
1.0733404e-05	1.564429e-05	0.99997365
1.04779065e-05	0.99997735	1.2181379e-05
1.2117014e-05	0.99997616	1.1676391e-05
7.4791246e-06	0.9999423	5.0217765e-05
1.6287107e-05	0.9999716	1.2007573e-05
0.99987984	0.00010657163	1.3558614e-05
1.4559943e-05	0.9999697	1.57119e-05
2.2094026e-05	0.99996185	1.6103864e-05
1.9240559e-05	1.0346386e-05	0.99997044
1.2107429e-05	1.3346056e-05	0.9999745
2.1021338e-05	0.9999689	1.0084629e-05
9.628987e-06	0.9999763	1.41075525e-05
1.7173177e-05	1.0118712e-05	0.9999727
0.99994326	3.1578358e-05	2.5153135e-05
9.884202e-06	1.7280689e-05	0.9999728
1.706088e-05	0.9999715	1.1502232e-05
1.3703897e-05	0.99996746	1.878598e-05
6.5975637e-06	4.304651e-05	0.9999504
1.1897879e-05	1.383887e-05	0.99997425
1.557434e-05	0.9999746	9.781538e-06
1.0268686e-05	1.6755346e-05	0.99997294
1.6252021e-05	0.9999759	7.905154e-06
9.035038e-06	3.4355544e-05	0.9999566
4.2533527e-05	0.99993336	2.4114806e-05
4.635698e-05	0.9998814	7.224189e-05
1.1017396e-05	0.9999596	2.9485936e-05
0.00022385652	0.99976295	1.3182473e-05
1.5331596e-05	0.9999716	1.3039828e-05
7.977447e-06	0.9999652	2.679315e-05
1.799792e-05	0.9999728	9.214794e-06
1.7197364e-05	0.998706	0.00127681
2.7701162e-05	0.9999633	9.046669e-06
1.6789534e-05	1.2768809e-05	0.99997044
7.629247e-06	3.776271e-05	0.9999546
1.1961665e-05	0.99996626	2.1837695e-05
2.515653e-05	0.9999677	7.187246e-06
1.731321e-05	0.000110585635	0.9998721
1.382269e-05	1.155342e-05	0.9999746
0.00028284686	0.9997099	7.2377516e-06
1.0398752e-05	1.7459215e-05	0.9999721
1.0027127e-05	1.726871e-05	0.9999727
1.7229098e-05	0.9999746	8.0539885e-06
8.970538e-06	0.9999677	2.3325552e-05
1.45254035e-05	0.9999769	8.639304e-06
1.3152235e-05	1.2292056e-05	0.9999746
8.884233e-06	2.2763448e-05	0.9999684
1.3752621e-05	1.2418298e-05	0.9999738
1.26704945e-05	1.3899423e-05	0.9999734
1.0903271e-05	1.380955e-05	0.9999753
1.622603e-05	0.9999738	1.0014456e-05
1.11468935e-05	0.99997294	1.5846284e-05
1.3810134e-05	1.147978e-05	0.9999747
5.1473303e-06	9.575585e-05	0.999899
1.1105863e-05	1.4730963e-05	0.99997413
8.271461e-06	0.99996316	2.861114e-05
6.973331e-06	0.0007534635	0.99923956
1.1651176e-05	0.99997437	1.39390595e-05
0.84022945	0.15972188	4.867463e-05
1.2887837e-05	0.9999697	1.7372013e-05
1.3142772e-05	0.999974	1.2932239e-05
1.7249948e-05	0.9999747	7.968255e-06
9.538871e-06	0.9999366	5.3876563e-05
1.7947006e-05	0.9999714	1.0653194e-05
9.453655e-06	1.7292912e-05	0.9999733
9.186048e-06	0.9999708	2.0061247e-05
9.786767e-06	1.715148e-05	0.99997306
0.9994399	0.00053070486	2.9484163e-05
1.6092808e-05	1.0813198e-05	0.99997306
1.5179391e-05	0.99997485	1.0016807e-05
0.9999167	6.4711225e-05	1.8616935e-05
1.6469934e-05	1.0119454e-05	0.9999734
1.0087492e-05	0.99997234	1.7508808e-05
8.5118245e-06	0.99997044	2.115721e-05
1.4965748e-05	1.11064855e-05	0.9999739
1.33444555e-05	1.1944326e-05	0.9999747
9.65604e-06	1.8102088e-05	0.9999722
1.7774362e-05	9.663257e-06	0.9999726
0.00018944041	0.99979585	1.4776465e-05
9.303422e-06	1.8715235e-05	0.999972
0.99993885	3.5333735e-05	2.5889025e-05
0.9990947	8.940985e-05	0.00081579626
7.1805516e-05	0.99991643	1.1822317e-05
9.028611e-06	0.9999727	1.829575e-05
1.0111046e-05	1.5183154e-05	0.9999747
0.9999411	3.3360702e-05	2.5459967e-05
5.5519445e-06	0.0006552966	0.99933916
6.464084e-06	3.354561e-05	0.99995995
8.83234e-06	1.7664084e-05	0.99997354
1.2437992e-05	1.2229055e-05	0.9999753
1.177593e-05	1.2882784e-05	0.9999753
1.5095193e-05	1.0567943e-05	0.99997437
8.837788e-06	1.9095358e-05	0.9999721
1.7664841e-05	9.886857e-06	0.99997246
1.7999044e-05	0.9999714	1.0577521e-05
1.4798007e-05	1.1599292e-05	0.99997365
2.0453637e-05	0.9999677	1.1807598e-05
9.518968e-06	0.99997365	1.6867232e-05
1.07646465e-05	1.5868281e-05	0.9999734
1.376613e-05	1.2036336e-05	0.99997425
1.6264283e-05	1.07605565e-05	0.99997294
1.3012871e-05	0.99996686	2.0187874e-05
9.18953e-06	1.7724453e-05	0.99997306
2.0304678e-05	0.0066552646	0.99332446
1.8115823e-05	9.450349e-06	0.99997246
9.552064e-06	0.9999262	6.422405e-05
2.3264258e-05	0.99996483	1.1880114e-05
0.0009248124	0.9990652	1.0029748e-05
0.00014907622	0.00057112816	0.9992798
9.7477905e-06	0.99984205	0.00014816428
7.5557537e-06	2.3647617e-05	0.99996877
1.269416e-05	0.9999751	1.2336124e-05
0.9999385	2.3246304e-05	3.830683e-05
1.5220986e-05	0.9999752	9.486394e-06
1.1683816e-05	1.3512422e-05	0.99997485
1.5490228e-05	0.99997616	8.312627e-06
9.085774e-06	1.9247851e-05	0.9999716
8.5063575e-06	2.0775164e-05	0.9999707
0.730145	0.2698026	5.2417618e-05
4.2821543e-05	0.999951	6.234239e-06
1.0934763e-05	0.999966	2.3056135e-05
1.0301874e-05	0.9999685	2.1267806e-05
1.3727751e-05	0.9999776	8.675547e-06
0.011720029	0.5393242	0.4489558
1.3652141e-05	1.7601513e-05	0.99996877
8.044947e-06	2.189753e-05	0.9999701
1.2048684e-05	0.9999753	1.2689928e-05
1.2825114e-05	1.2291884e-05	0.99997485
8.531119e-06	0.99996305	2.832342e-05
9.896427e-05	0.04863079	0.9512702
1.3220409e-05	0.9999548	3.1888743e-05
1.4976356e-05	0.99997294	1.2032361e-05
1.6004238e-05	1.1759341e-05	0.9999722
1.0903217e-05	0.9999676	2.1531108e-05
3.0579464e-05	0.9998671	0.00010223703
1.3029274e-05	1.5518102e-05	0.9999715
1.8053148e-05	9.513049e-06	0.99997246
0.0069544925	1.2280712e-05	0.9930332
0.9999397	2.8244103e-05	3.2099277e-05
1.0622628e-05	0.9999753	1.4073904e-05
1.8915785e-05	0.9999716	9.376396e-06
2.4193167e-05	0.9999571	1.8678404e-05
1.04321825e-05	0.99978393	0.00020562473
1.2012431e-05	2.1947679e-05	0.999966
1.264742e-05	1.24333865e-05	0.99997497
0.99994326	3.2143846e-05	2.456313e-05
0.9996371	0.00035272024	1.0070791e-05
1.89473e-05	0.99997306	7.936389e-06
0.9999285	5.335352e-05	1.8123423e-05
1.1064326e-05	1.4015447e-05	0.99997497
1.3455172e-05	0.99997663	9.8365535e-06
1.983051e-05	9.499469e-06	0.9999707
0.0006944987	0.99929833	7.180983e-06
1.17604195e-05	0.99997616	1.2036968e-05
1.936276e-05	0.9999682	1.248681e-05
1.1531458e-05	1.3169038e-05	0.9999753
2.7298936e-05	0.999966	6.67624e-06
1.0029622e-05	0.99996114	2.879322e-05
1.3531462e-05	0.9998876	9.8831195e-05
1.859616e-05	0.99997306	8.38552e-06
7.700031e-06	0.99996865	2.3604061e-05
0.99991155	7.405561e-05	1.443061e-05
9.0770736e-05	0.16089489	0.83901435
0.029297585	2.5800995e-05	0.97067666
0.9999167	2.1213065e-05	6.2057225e-05
1.7842342e-05	9.903048e-06	0.9999722
0.9987319	0.0012525009	1.5639653e-05
0.00076368934	0.9992217	1.461469e-05
1.3361532e-05	1.1963491e-05	0.9999747
1.3106469e-05	0.99997735	9.590168e-06
1.7182238e-05	1.0029807e-05	0.9999728
1.05279e-05	0.99997556	1.3958751e-05
1.145325e-05	1.492457e-05	0.99997365
9.167065e-06	2.11533e-05	0.9999697
2.0917534e-05	0.9999567	2.2410912e-05
1.0066563e-05	1.9207748e-05	0.9999707
3.9987823e-05	0.9999509	9.199945e-06
2.5108793e-05	0.9999584	1.6421396e-05
2.4467823e-05	0.99996376	1.1748155e-05
0.007610485	0.99237907	1.0351649e-05
1.1754374e-05	1.3150034e-05	0.9999751
6.406175e-05	0.99992216	1.3800837e-05
1.4925091e-05	0.9999752	9.888675e-06
1.0308967e-05	0.9999702	1.9566487e-05
9.678229e-06	0.9999654	2.4957326e-05
1.18270145e-05	0.99997413	1.4075122e-05
9.318897e-06	0.99996877	2.1987062e-05
1.3380181e-05	1.2362165e-05	0.99997425
1.8224306e-05	9.7810935e-06	0.999972
9.023512e-06	1.775992e-05	0.9999732
1.5767258e-05	1.1626225e-05	0.9999726
1.4932473e-05	1.22617585e-05	0.9999728
1.1451366e-05	0.999977	1.1591281e-05
4.491421e-05	0.97111255	0.028842522
1.3996342e-05	0.00036217648	0.9996238
1.3125649e-05	1.37577135e-05	0.99997306
0.99574184	0.0042413566	1.6799328e-05
1.0283697e-05	0.9999764	1.3294038e-05
1.4074979e-05	1.14012555e-05	0.9999745
1.1455213e-05	1.3393854e-05	0.9999752
0.99947685	0.0004773123	4.5812645e-05
0.9999372	2.4228402e-05	3.8589522e-05
2.517979e-05	1.00253465e-05	0.99996483
8.562455e-06	0.99997115	2.0239644e-05
1.6354961e-05	1.0756822e-05	0.99997294
0.00011098616	0.1582536	0.8416354
2.3725142e-05	0.9999659	1.0372944e-05
0.9999223	2.2168455e-05	5.559686e-05
7.984034e-06	3.122759e-05	0.9999608
0.052469544	0.9467178	0.00081274105
2.2493032e-05	0.99996936	8.118857e-06
1.0693179e-05	1.4810486e-05	0.9999745
1.2408349e-05	0.99997234	1.5205056e-05
1.1529021e-05	0.9999758	1.2649637e-05
1.4238752e-05	0.999974	1.1832789e-05
1.372603e-05	1.1892979e-05	0.99997437
1.1647216e-05	0.9999759	1.23660775e-05
1.5239192e-05	1.09895345e-05	0.9999738
5.711275e-05	0.99993503	7.882525e-06
1.2072412e-05	1.2545579e-05	0.9999753
9.285444e-06	1.7975395e-05	0.9999727
0.9999163	6.559425e-05	1.8077768e-05
8.006116e-06	0.0024931075	0.9974989
0.9990225	1.5005706e-05	0.00096253643
0.9996816	0.00029883508	1.9574556e-05
1.2222762e-05	1.3001461e-05	0.9999747
1.1229394e-05	1.569253e-05	0.99997306
1.323945e-05	0.9999769	9.942716e-06
1.2350383e-05	1.3311912e-05	0.99997437
1.1743362e-05	1.3023148e-05	0.9999752
8.982282e-06	0.9999751	1.602834e-05
1.0839669e-05	1.9122655e-05	0.9999701
1.3362534e-05	0.9999753	1.1335088e-05
0.99992204	5.8541198e-05	1.9401568e-05
2.2540788e-05	0.9999702	7.2599973e-06
1.8822246e-05	0.99939954	0.00058162125
1.1143787e-05	1.5241981e-05	0.99997365
1.1649725e-05	0.99997675	1.15563e-05
9.0197755e-06	0.99996245	2.8443586e-05
4.6132925e-05	0.999946	7.921074e-06
8.131239e-06	0.9998073	0.00018458864
1.2691428e-05	0.99997723	1.0100498e-05
8.185538e-06	2.9183444e-05	0.9999627
1.0472959e-05	0.9999752	1.4279455e-05
0.9999368	3.6952453e-05	2.6226213e-05
2.3054974e-05	0.999969	7.9517895e-06
1.2179117e-05	1.2953357e-05	0.99997485
7.704416e-06	3.141491e-05	0.9999609
0.00010780936	0.99988186	1.0360773e-05
1.8173414e-05	0.99997365	8.2215065e-06
1.328174e-05	1.1686427e-05	0.9999751
1.2418891e-05	1.2829798e-05	0.9999747
1.0169823e-05	1.5058735e-05	0.9999747
1.3677657e-05	0.9999764	9.839864e-06
1.211369e-05	0.9999764	1.1391083e-05
1.4110981e-05	1.2666939e-05	0.9999732
1.4961814e-05	0.99997413	1.0885387e-05
1.0981017e-05	0.9999747	1.4260219e-05
1.1010643e-05	2.2756627e-05	0.99996626
1.40125185e-05	3.0201301e-05	0.9999558
1.2203213e-05	0.99997437	1.3466118e-05
0.9999398	2.6847743e-05	3.3323075e-05
2.0243282e-05	0.99996686	1.2904355e-05
1.702691e-05	0.99997365	9.243186e-06
1.4903222e-05	0.9999728	1.2229502e-05
1.7827013e-05	0.9995745	0.00040764918
0.9999424	2.971694e-05	2.7930411e-05
1.2213318e-05	1.3500191e-05	0.99997425
6.926305e-06	3.4932782e-05	0.99995816
1.0500491e-05	0.99997413	1.539136e-05
3.8021295e-05	0.9999478	1.4153615e-05
1.4194993e-05	0.9999764	9.428843e-06
0.0023708877	0.9969382	0.00069081015
0.00011364365	0.9998754	1.1022858e-05
7.865111e-06	0.9999684	2.3748225e-05
3.2615844e-05	0.9999552	1.2190627e-05
0.03040114	0.96939856	0.00020029303
6.0778148e-05	0.99993265	6.5488207e-06
1.2488809e-05	1.2782194e-05	0.9999747
1.1137606e-05	1.41326855e-05	0.9999747
1.34705915e-05	0.99997187	1.4673821e-05
1.1109513e-05	0.9999746	1.4312236e-05
8.541665e-06	0.9999281	6.328663e-05
7.890515e-05	0.9997003	0.00022085328
1.4766859e-05	1.194776e-05	0.9999733
0.9999342	4.442795e-05	2.1329757e-05
1.4488282e-05	1.1662598e-05	0.9999739
5.139464e-05	0.99991417	3.4472338e-05
0.9918475	0.006569606	0.0015828649
3.805464e-05	0.9999471	1.4941974e-05
8.78814e-06	2.0315367e-05	0.9999709
1.3368325e-05	0.9999604	2.6226231e-05
1.1799239e-05	1.3439514e-05	0.9999747
7.558807e-06	2.6944213e-05	0.99996555
1.4259751e-05	0.99997616	9.588776e-06
0.9999335	2.982502e-05	3.6742753e-05
1.6630778e-05	1.2082233e-05	0.9999713
1.3569558e-05	1.1244914e-05	0.9999752
1.2340398e-05	1.2472331e-05	0.9999752
1.1984738e-05	0.99997544	1.2468896e-05
1.2612848e-05	1.2697389e-05	0.9999747
1.6189566e-05	0.99996805	1.570804e-05
2.649512e-05	0.99895656	0.0010170435
7.0976075e-06	0.000352246	0.9996407
1.7724446e-05	9.654597e-06	0.9999726
1.6488373e-05	1.0829696e-05	0.9999727
1.3331246e-05	1.2371082e-05	0.99997425
0.99993575	4.352298e-05	2.0709356e-05
1.6483384e-05	0.99997056	1.293729e-05
8.066443e-06	3.133746e-05	0.99996054
9.521361e-06	1.8159444e-05	0.99997234
1.5009558e-05	0.9999758	9.217458e-06
1.0391264e-05	0.9999118	7.785233e-05
1.3638238e-05	1.1394619e-05	0.99997497
0.00035987984	0.9996306	9.591717e-06
0.0058916267	0.99409986	8.534161e-06
2.9794208e-05	0.9999614	8.848791e-06
1.680598e-05	0.99996614	1.7037359e-05
1.1714484e-05	2.8069899e-05	0.9999602
1.6435177e-05	1.0358697e-05	0.9999732
1.9719591e-05	0.02081294	0.97916734
2.3402472e-05	0.99996877	7.925856e-06
1.4250818e-05	0.9996138	0.00037194384
0.037720095	0.9622093	7.0658905e-05
2.1392323e-05	8.935908e-06	0.9999697
9.035787e-06	2.0113603e-05	0.9999708
1.3158291e-05	0.9999715	1.538818e-05
8.835869e-06	0.0027767275	0.9972145
1.7922746e-05	0.9999654	1.671234e-05
0.9998503	0.00013314228	1.65337e-05
0.9999254	5.7378285e-05	1.7278633e-05
1.1601794e-05	2.2200358e-05	0.99996614
8.248058e-06	2.2926593e-05	0.99996877
9.7486445e-06	0.9999745	1.5758931e-05
8.272154e-06	0.00070467405	0.99928707
0.99993443	4.6212353e-05	1.928024e-05
1.382269e-05	1.155342e-05	0.9999746
2.0746249e-05	0.99996173	1.7489147e-05
0.16302766	4.2539596e-05	0.83692986
0.013458771	0.9862277	0.00031359316
0.9987991	0.0011781395	2.2743117e-05
1.9101533e-05	0.9999722	8.672812e-06
1.1198016e-05	1.4897028e-05	0.9999739
8.828755e-06	1.9411842e-05	0.99997175
1.2809125e-05	1.3442641e-05	0.9999738
1.1673854e-05	0.9999763	1.2069303e-05
1.2379469e-05	0.99996924	1.8345308e-05
1.21508765e-05	0.9999727	1.5162185e-05
1.5991238e-05	1.079349e-05	0.9999732
2.300845e-05	0.999967	1.0071309e-05
0.97022	0.02947798	0.00030199054
1.6966447e-05	0.99995244	3.0651154e-05
1.1529664e-05	1.4278285e-05	0.99997425
3.0869916e-05	0.9999604	8.702445e-06
6.0049447e-06	4.067191e-05	0.99995327
7.2530333e-06	0.999949	4.3759836e-05
1.35802775e-05	1.2207298e-05	0.99997425
0.9999397	3.949913e-05	2.0849207e-05
0.023340989	0.9763718	0.00028714875
9.057378e-06	0.9999695	2.14991e-05
1.5305935e-05	1.05367235e-05	0.99997413
