0.9994733	0.0005228449	3.988326e-06
2.6325808e-05	0.9999429	3.070742e-05
2.2826942e-05	0.9999424	3.4753764e-05
2.7715414e-05	0.99994254	2.9671295e-05
0.93007016	0.0040875794	0.06584227
0.99993694	5.5968045e-05	7.0065585e-06
0.99997294	1.9515017e-05	7.5607945e-06
0.000133721	0.8697079	0.13015842
2.7062392e-06	3.0165718e-05	0.9999671
5.0700182e-06	8.945364e-06	0.99998593
2.926816e-05	0.9999449	2.5791103e-05
6.3975986e-06	7.724369e-06	0.99998593
3.94366e-06	1.21438425e-05	0.9999839
5.425541e-06	9.268098e-06	0.99998534
3.4517034e-05	0.999933	3.243389e-05
0.00030536883	0.9995901	0.000104500185
0.9999714	1.8414601e-05	1.0279312e-05
2.5575759e-05	0.99994314	3.128218e-05
2.8068094e-05	0.9999465	2.5503896e-05
6.372898e-06	8.051866e-06	0.9999856
4.0035036e-05	0.9999387	2.1166266e-05
2.295285e-05	0.9999404	3.654329e-05
8.368472e-06	7.9376305e-06	0.99998367
6.595601e-06	8.677289e-06	0.99998474
4.8280367e-06	9.365313e-06	0.9999858
5.1990482e-06	9.041026e-06	0.9999858
0.9998331	0.0001622397	4.683976e-06
2.7181648e-05	0.9999442	2.8558776e-05
5.1498487e-06	9.1376305e-06	0.9999857
6.174141e-06	7.949505e-06	0.99998593
2.6567495e-05	0.9999398	3.363055e-05
3.9359447e-06	2.3068656e-05	0.99997294
2.8509676e-05	0.9998286	0.00014296117
2.2699574e-05	0.9998565	0.0001208151
3.430006e-05	0.99993575	2.9885163e-05
5.988612e-06	8.15747e-06	0.9999858
0.8560446	0.13404055	0.009914856
4.301154e-05	0.9999368	2.0169044e-05
0.018936612	0.11636447	0.86469895
3.6864558e-06	1.3406828e-05	0.99998295
4.2783988e-05	0.9999347	2.256033e-05
2.7174076e-05	0.99993455	3.8303577e-05
6.5333165e-06	7.815413e-06	0.9999857
4.090919e-06	0.00017972713	0.99981624
0.99997663	1.556815e-05	7.783173e-06
5.287235e-05	0.99992514	2.191911e-05
2.5079271e-05	0.99994254	3.246087e-05
0.00030030703	0.0034109256	0.9962888
5.173589e-06	1.0272478e-05	0.9999845
9.518187e-06	1.4051374e-05	0.9999764
4.8372196e-05	0.99992275	2.8863346e-05
3.860295e-06	1.0958974e-05	0.9999852
7.278288e-06	8.650775e-06	0.999984
2.6766656e-05	0.99993336	3.9852657e-05
4.3977965e-05	0.9999193	3.66895e-05
3.3033608e-05	0.99994314	2.382959e-05
0.0024948458	0.9974655	3.9736562e-05
5.2127803e-06	9.0796475e-06	0.9999857
0.0012490499	0.9987251	2.585023e-05
5.7139487e-06	8.397839e-06	0.99998593
0.999905	8.5676606e-05	9.34001e-06
2.5630208e-05	0.99994504	2.9362323e-05
9.000677e-05	0.9998765	3.3449876e-05
2.7217104e-05	0.99994504	2.7745682e-05
9.9551915e-05	0.9998752	2.5309555e-05
3.336958e-05	0.99994016	2.644488e-05
6.792265e-05	0.9999107	2.1312238e-05
2.8462568e-05	0.99994576	2.5729903e-05
5.404068e-06	8.628892e-06	0.99998593
0.9999684	2.3190156e-05	8.298171e-06
0.9999707	2.2865912e-05	6.4877822e-06
4.9926634e-06	8.959094e-06	0.99998605
5.120793e-06	9.998278e-06	0.99998486
5.433271e-06	1.0456616e-05	0.99998415
7.646368e-06	8.71302e-06	0.99998367
7.757389e-06	8.465269e-06	0.9999838
8.1669205e-05	0.9998795	3.8829865e-05
0.002532425	0.99743634	3.125123e-05
2.5558353e-05	0.9999356	3.8848822e-05
6.0403954e-06	3.0977106e-05	0.9999629
6.149138e-06	8.8626575e-06	0.999985
3.2039807e-05	0.99992	4.7922167e-05
9.384766e-05	0.99987817	2.8013017e-05
0.9999709	2.3049808e-05	6.0547413e-06
3.0709984e-05	0.9999405	2.8765371e-05
7.0072533e-06	8.364355e-06	0.9999846
2.3973123e-05	0.99994123	3.4753455e-05
5.7256148e-06	8.7038925e-06	0.9999856
0.9999733	1.7010594e-05	9.689231e-06
4.0312334e-06	1.1217152e-05	0.99998474
2.5042009e-05	0.99993765	3.7265185e-05
4.833513e-06	3.543828e-05	0.9999597
0.9150105	0.08494556	4.3812e-05
4.452434e-06	1.1689093e-05	0.9999839
6.6682536e-05	0.99989295	4.043459e-05
1.50043015e-05	9.420217e-06	0.99997556
0.9999584	3.683942e-05	4.7397602e-06
3.0380952e-05	0.99993193	3.762328e-05
7.576873e-06	7.511911e-06	0.99998486
3.2311396e-05	0.99994385	2.3830562e-05
0.9999666	1.5927682e-05	1.7417793e-05
6.5709514e-06	8.771531e-06	0.9999846
2.4013269e-05	0.9999368	3.9267507e-05
2.3444929e-05	0.9999465	3.0075991e-05
3.951632e-06	1.1666302e-05	0.9999844
0.99996054	3.3392735e-05	6.0989078e-06
0.9999597	3.3747525e-05	6.5061754e-06
0.9999701	1.8107747e-05	1.1815275e-05
2.476171e-05	0.99992716	4.8070637e-05
0.0006201329	0.9993436	3.628984e-05
2.8722581e-05	0.99994147	2.9766523e-05
0.99991024	2.800633e-05	6.1767154e-05
0.96873873	6.027611e-05	0.031200996
2.4859713e-05	0.99994516	2.997936e-05
6.5219224e-06	8.1321605e-06	0.99998534
3.6487763e-05	0.99994075	2.2720136e-05
0.99996376	2.1208662e-05	1.5007145e-05
3.6044134e-05	0.99993396	3.0003679e-05
6.336389e-06	9.2264545e-06	0.9999844
2.1312952e-05	0.9999099	6.8774716e-05
2.609377e-05	0.9999466	2.7281178e-05
4.7058616e-06	1.0596714e-05	0.99998474
4.8210044e-05	0.9999305	2.1302298e-05
3.1650005e-05	0.99993026	3.8045186e-05
5.7146022e-05	0.9999013	4.1629166e-05
2.4477014e-05	0.9999398	3.5808956e-05
4.5124125e-06	1.0744729e-05	0.99998474
2.9822733e-05	0.9999417	2.843383e-05
5.9442077e-06	8.202842e-06	0.9999858
2.359994e-05	0.99994373	3.260975e-05
3.5298344e-05	0.9999391	2.5595542e-05
4.098373e-06	1.1036866e-05	0.99998486
2.1804988e-05	7.7382625e-05	0.9999008
3.578353e-05	0.9999399	2.4278592e-05
2.8715915e-05	0.9999354	3.589972e-05
2.5315627e-05	0.9999443	3.0373883e-05
3.1442014e-05	0.9999411	2.7432186e-05
1.0475725e-05	3.6348767e-05	0.99995315
7.818408e-06	1.712244e-05	0.9999751
2.556166e-05	0.99993527	3.9251834e-05
3.0488545e-05	0.99655885	0.003410585
0.97698444	0.023001134	1.4469692e-05
0.9998785	3.5936453e-05	8.552445e-05
0.9999155	7.6540804e-05	7.974814e-06
9.292815e-06	7.5177322e-06	0.9999832
7.723423e-06	9.711819e-06	0.9999826
5.6365857e-06	1.227308e-05	0.9999821
0.9991786	0.00081767613	3.678239e-06
5.52834e-06	8.555612e-06	0.99998593
0.00012742671	0.99985576	1.675174e-05
1.2268105e-05	0.00084166025	0.9991461
7.703873e-06	8.377601e-06	0.9999839
0.9999716	1.7208227e-05	1.115212e-05
4.270332e-06	1.0898811e-05	0.99998486
6.460449e-06	8.566218e-06	0.999985
8.762114e-06	8.816699e-06	0.9999825
0.9999738	1.6662605e-05	9.491738e-06
6.0990446e-06	8.037222e-06	0.9999858
3.180646e-05	0.9999442	2.400873e-05
5.226675e-06	8.729067e-06	0.99998605
2.7253489e-05	0.9999449	2.7797376e-05
8.6592896e-05	0.52687305	0.4730403
0.9963223	0.0036326908	4.5020104e-05
5.3612416e-06	8.6428845e-06	0.99998605
5.7716434e-06	9.6980375e-06	0.9999845
0.99995494	4.0843384e-05	4.2052197e-06
2.6011956e-05	0.99994385	3.0202093e-05
0.0017542905	0.9981901	5.5622208e-05
2.7317981e-05	0.99994636	2.6318543e-05
2.5604615e-05	0.9999473	2.7051961e-05
3.8365208e-05	0.9999392	2.2423756e-05
3.4352022e-06	2.7575197e-05	0.999969
0.9998598	0.00013505001	5.088366e-06
3.6870122e-05	0.99994075	2.2386674e-05
3.0158038e-05	0.99994516	2.4687573e-05
1.2630802e-05	9.1246475e-06	0.9999782
4.2084477e-05	0.9991352	0.0008228185
5.5853247e-06	8.301841e-06	0.9999862
2.428277e-05	0.9998764	9.9265155e-05
9.268948e-06	8.101244e-06	0.9999826
6.224009e-06	8.478265e-06	0.99998534
6.9343873e-06	1.0197966e-05	0.99998283
9.775088e-06	1.1394261e-05	0.9999788
5.8028404e-06	9.276486e-06	0.999985
4.9786736e-06	9.1654465e-06	0.9999858
5.2588193e-06	8.6904765e-06	0.99998605
2.8440429e-05	0.9999411	3.0357858e-05
2.4545085e-05	0.99992454	5.0850107e-05
4.471313e-05	0.9999287	2.6530312e-05
0.00011520801	0.9998627	2.2020946e-05
6.72466e-06	8.63783e-06	0.9999846
4.048145e-05	0.9999249	3.4606343e-05
5.012843e-06	9.168979e-06	0.9999858
3.7127462e-05	0.99979895	0.00016390327
3.0005023e-05	0.9999263	4.3635282e-05
5.2766245e-06	8.444205e-06	0.9999863
2.6580416e-05	0.9999424	3.1009044e-05
6.613645e-06	7.8961575e-06	0.99998546
2.76669e-05	0.999936	3.640337e-05
2.6815746e-05	0.99994695	2.62493e-05
0.9998647	0.00012853315	6.8175314e-06
5.991678e-06	9.533708e-06	0.9999845
1.85287e-05	3.0915868e-05	0.9999505
0.00013748539	0.9998299	3.2544125e-05
4.2441374e-05	0.99993396	2.3657803e-05
4.256035e-06	1.3206511e-05	0.9999826
2.5543504e-05	0.9999372	3.7302005e-05
0.9999727	2.0924692e-05	6.3194907e-06
4.559714e-06	1.1018153e-05	0.9999844
4.6302366e-06	9.610199e-06	0.9999858
2.2219388e-05	0.9999399	3.7934216e-05
2.7729633e-05	0.99993765	3.4590383e-05
0.99988186	9.3380724e-05	2.4763423e-05
3.3183434e-05	0.99991655	5.024588e-05
0.99996376	3.1456704e-05	4.757815e-06
8.732079e-06	9.3487415e-06	0.9999819
2.2330076e-05	0.999928	4.973733e-05
7.3601745e-06	9.157195e-06	0.99998343
3.1174626e-05	0.99992645	4.2310523e-05
5.4988404e-06	8.813642e-06	0.9999857
4.767144e-06	9.463643e-06	0.9999858
5.7007735e-05	0.99992085	2.2126009e-05
2.9749928e-05	0.9999436	2.6527165e-05
1.35240125e-05	2.0250027e-05	0.99996626
2.5730737e-05	0.9999467	2.7476512e-05
3.291449e-05	0.9998622	0.00010493935
2.6859705e-05	0.9999455	2.7684691e-05
3.199522e-05	0.057234284	0.94273376
6.129625e-06	8.582485e-06	0.99998534
0.00022671382	0.99975663	1.6733346e-05
2.4178671e-05	0.99994326	3.2536427e-05
0.00012810077	0.9998349	3.696874e-05
3.099979e-05	0.99994254	2.644492e-05
2.7382725e-05	0.99993694	3.5618807e-05
2.5258716e-05	0.99993396	4.0787494e-05
0.00015873785	0.9997733	6.791209e-05
5.608115e-06	9.37341e-06	0.999985
2.6828817e-05	0.9999336	3.9623694e-05
6.117813e-05	0.0693875	0.9305513
0.00073112344	0.99923825	3.0652027e-05
2.6929565e-05	0.9999435	2.9611057e-05
2.9317833e-05	0.9999441	2.6535881e-05
7.6582455e-06	0.00011984333	0.99987245
3.113409e-05	0.9989472	0.0010217157
1.25989945e-05	0.0014252828	0.99856216
0.00020941423	0.99975866	3.192152e-05
2.5293826e-05	0.99994206	3.2713764e-05
2.7324844e-05	0.9999418	3.083254e-05
0.99996066	3.1031945e-05	8.382161e-06
3.0228848e-05	0.99967647	0.00029333544
0.9999665	2.7693273e-05	5.8431046e-06
7.290725e-05	0.9998921	3.49552e-05
4.5685797e-06	1.4121286e-05	0.9999813
2.8018245e-05	0.99994457	2.7418342e-05
6.506825e-06	8.328763e-06	0.9999852
5.8510486e-05	0.99569196	0.004249598
3.674352e-05	0.99992096	4.2282736e-05
0.0004098832	0.9995437	4.63373e-05
6.5217496e-06	7.955789e-06	0.9999856
2.5338857e-05	9.619508e-06	0.9999651
2.3616392e-05	0.9999378	3.8596867e-05
4.7139594e-05	0.99957985	0.00037294562
0.99997187	2.1618524e-05	6.5985546e-06
6.4100673e-06	7.981277e-06	0.9999856
0.00016958843	0.5145755	0.4852549
0.99995947	3.3140423e-05	7.3328706e-06
0.9999224	7.1763636e-05	5.8085457e-06
6.9490407e-06	7.792761e-06	0.9999852
4.8398724e-06	9.934543e-06	0.9999852
0.999967	2.4338295e-05	8.692805e-06
1.8442763e-05	0.9998553	0.00012624534
4.567307e-06	9.440352e-06	0.99998593
5.8481906e-05	0.9999205	2.0968026e-05
0.9999683	2.1216607e-05	1.0531207e-05
5.367887e-06	9.698301e-06	0.999985
1.3606457e-05	3.454574e-05	0.99995184
1.5805455e-05	0.0110582635	0.988926
4.358308e-06	1.3668594e-05	0.999982
2.0585376e-05	0.99993145	4.7956048e-05
3.1439315e-05	0.9999392	2.937873e-05
7.752141e-06	8.906031e-06	0.9999833
4.0025116e-05	0.99993896	2.099913e-05
2.4968516e-05	0.99994457	3.0529496e-05
2.6369798e-05	0.9999465	2.7199965e-05
5.6168205e-06	8.947663e-06	0.99998546
5.79716e-06	1.4038557e-05	0.9999802
5.6762506e-06	8.40453e-06	0.99998593
4.153577e-06	5.9843544e-05	0.999936
5.7515476e-06	9.1973125e-06	0.9999851
6.615423e-06	8.008159e-06	0.99998534
5.0206936e-06	9.3343e-06	0.9999857
4.2065403e-06	1.1075467e-05	0.99998474
2.5625483e-05	0.99992085	5.355013e-05
0.6388705	0.36100328	0.00012624566
0.99996924	1.8757264e-05	1.2011129e-05
6.266388e-06	8.010103e-06	0.9999857
4.6467935e-06	1.0606046e-05	0.99998474
2.7798658e-05	0.9999461	2.605437e-05
5.2636165e-06	9.481425e-06	0.9999852
5.3699778e-06	9.148363e-06	0.99998546
3.6672698e-06	1.8673303e-05	0.9999777
3.5968187e-05	0.99994195	2.2085705e-05
3.6280053e-05	0.99993575	2.8036655e-05
5.083643e-06	1.473649e-05	0.9999802
0.0045720334	0.99537367	5.44042e-05
2.6203328e-05	0.99994123	3.258595e-05
8.526836e-06	9.082406e-06	0.99998236
7.255821e-06	7.640169e-06	0.9999851
5.858934e-06	8.768609e-06	0.99998534
6.3026073e-06	8.700783e-06	0.999985
2.731121e-05	0.9999367	3.601011e-05
0.00029684653	0.96187425	0.037828937
2.7405173e-05	0.99994385	2.875107e-05
0.03868982	0.9612595	5.0594655e-05
2.725052e-05	0.99993515	3.7601018e-05
5.777763e-06	8.471568e-06	0.9999857
8.224676e-06	9.8079705e-05	0.99989367
9.058983e-06	8.362974e-06	0.9999826
2.8273449e-05	0.99993575	3.602083e-05
1.2335196e-05	0.00037782267	0.9996099
5.752196e-06	7.972186e-06	0.9999863
2.7003945e-05	0.99994457	2.8427676e-05
4.3017197e-05	0.9999243	3.266215e-05
3.1623298e-05	0.9999416	2.6872049e-05
3.289017e-05	0.99994504	2.2090302e-05
5.125104e-05	0.4392835	0.56066525
2.5790547e-05	0.9999453	2.8980281e-05
0.99997044	2.1602644e-05	8.007048e-06
2.6776836e-05	0.99994063	3.254385e-05
2.3963548e-05	0.9999422	3.3814365e-05
2.8374448e-05	0.9999435	2.811146e-05
4.690054e-06	9.752509e-06	0.9999856
3.2007574e-05	0.999936	3.188942e-05
5.215098e-05	0.9999262	2.152796e-05
5.848579e-06	8.632329e-06	0.9999856
0.00020658158	0.9997515	4.197355e-05
5.7425486e-06	9.016385e-06	0.9999852
0.9938567	0.006132473	1.0782898e-05
2.7068081e-05	0.999946	2.6968262e-05
3.104839e-05	0.9999429	2.6105374e-05
0.999962	3.2879278e-05	5.131411e-06
4.5508273e-06	1.0688905e-05	0.99998474
5.3505075e-05	1.5799696e-05	0.99993074
0.9999168	7.9460566e-05	3.6680538e-06
9.456412e-06	2.3314176e-05	0.9999672
0.99962664	0.000368548	4.814332e-06
7.446235e-06	7.5994744e-06	0.999985
4.0762548e-06	1.2209335e-05	0.99998367
2.8649452e-05	0.99994326	2.8168213e-05
5.1475067e-06	1.01329915e-05	0.99998474
5.3327974e-05	0.9999188	2.7943739e-05
0.9999478	4.22364e-05	9.993932e-06
6.454133e-06	1.5867305e-05	0.9999777
0.9999604	2.6161559e-05	1.3463823e-05
4.277201e-05	0.9999342	2.3026487e-05
3.709548e-05	0.99993944	2.3447938e-05
0.9253276	0.07446949	0.00020293887
0.0030346327	0.99676067	0.00020471378
4.235073e-06	1.0565891e-05	0.9999852
0.9999033	3.1514104e-05	6.5145774e-05
0.99979657	0.00019701311	6.485292e-06
5.2314135e-06	9.385936e-06	0.99998534
0.9999701	2.4363173e-05	5.5545224e-06
4.006163e-06	1.2531403e-05	0.99998343
5.0160406e-06	1.0462086e-05	0.9999845
7.1341956e-06	1.0375155e-05	0.9999825
2.9101497e-05	0.9999449	2.5998468e-05
0.99997294	1.782868e-05	9.165075e-06
6.178045e-05	0.99989665	4.1607025e-05
2.7016711e-05	0.9999442	2.870163e-05
2.274576e-05	0.99994266	3.451967e-05
1.4044124e-05	2.3192548e-05	0.9999628
3.6030746e-05	0.9999422	2.178627e-05
2.9822368e-05	0.9999447	2.5498135e-05
0.9999739	1.9491059e-05	6.5371414e-06
4.901099e-06	1.0919643e-05	0.99998415
3.1151172e-05	0.9999454	2.3525621e-05
0.9989145	0.0010809166	4.6796545e-06
2.8708862e-05	0.99994445	2.6814858e-05
3.8324456e-06	1.8647816e-05	0.99997747
1.9176876e-05	0.99992144	5.940303e-05
0.9999589	3.6276877e-05	4.8471265e-06
4.1070693e-05	0.005125736	0.99483323
3.5422497e-06	2.5703715e-05	0.9999708
7.25879e-05	0.63595384	0.3639736
5.160596e-06	1.0110664e-05	0.99998474
2.563249e-05	2.0482616e-05	0.99995387
2.393756e-05	0.99993956	3.6528698e-05
0.99927586	0.0006647384	5.942058e-05
3.1063584e-05	0.048682187	0.95128673
2.3450995e-05	0.99994016	3.6357065e-05
2.7614475e-05	0.9999418	3.0536954e-05
2.8992721e-05	0.9999386	3.2471118e-05
0.00015431538	0.9997874	5.8242153e-05
5.442557e-06	8.828507e-06	0.9999857
8.971913e-06	9.417202e-06	0.99998164
2.6135702e-05	0.9999453	2.862201e-05
7.232188e-06	9.482509e-06	0.9999833
2.2818407e-05	0.999887	9.022351e-05
4.4307444e-06	1.3266292e-05	0.99998236
3.1775366e-05	0.99994457	2.3593973e-05
3.107494e-05	0.9999366	3.227968e-05
0.9999647	2.994957e-05	5.308723e-06
2.8012795e-05	0.99993896	3.3035296e-05
5.611775e-06	8.368284e-06	0.99998605
2.4509827e-05	0.9999404	3.503355e-05
0.00096283405	0.044714388	0.9543228
6.562834e-05	0.99991524	1.9080748e-05
2.7605623e-05	0.0018390996	0.99813336
6.2777312e-06	0.001419931	0.9985738
5.3995172e-06	8.973078e-06	0.9999856
3.342232e-05	0.99994195	2.4691215e-05
4.457917e-05	0.9999361	1.9340365e-05
4.9108454e-05	0.99992454	2.6309686e-05
3.8439757e-05	0.9999398	2.1836473e-05
4.835586e-06	9.069733e-06	0.99998605
2.2316459e-05	0.99993896	3.8725477e-05
5.3140107e-06	1.2972226e-05	0.99998176
4.8693078e-06	1.185636e-05	0.9999833
8.238607e-06	2.1198919e-05	0.99997056
4.686874e-06	1.0143623e-05	0.9999852
3.541356e-06	1.3835078e-05	0.9999826
4.948299e-06	1.8671784e-05	0.9999764
2.6243863e-05	0.999941	3.2839132e-05
6.893394e-05	0.99990785	2.32001e-05
0.9999732	1.630339e-05	1.04336505e-05
3.356394e-05	0.99994373	2.2626426e-05
0.00018909744	0.99978334	2.7511218e-05
7.1906084e-06	7.5853923e-06	0.9999852
5.2233877e-06	8.542529e-06	0.9999863
0.9926917	0.007297474	1.0846679e-05
2.5960013e-05	0.99830306	0.0016709192
2.3242079e-05	0.9999398	3.6925263e-05
5.2396204e-06	1.0677832e-05	0.999984
4.904318e-06	9.733385e-06	0.99998534
0.5275038	0.4723916	0.000104628576
2.804094e-05	0.9999466	2.5444937e-05
7.357697e-06	7.356589e-06	0.99998534
0.9999647	3.0692718e-05	4.6945297e-06
5.13452e-06	8.986175e-06	0.99998593
3.522966e-05	0.99994254	2.2221015e-05
4.5682973e-06	1.0225589e-05	0.9999852
3.0568022e-05	0.99994206	2.7455482e-05
2.8893683e-05	0.99994624	2.4919816e-05
3.6167236e-05	0.9999409	2.2975355e-05
1.1263554e-05	2.3308397e-05	0.9999654
2.7005164e-05	0.9999449	2.7962647e-05
6.377028e-06	8.692813e-06	0.999985
2.2004739e-05	0.0008435231	0.9991345
6.19271e-06	8.88882e-06	0.99998486
9.624095e-06	7.401821e-06	0.99998295
2.6072275e-05	0.9999455	2.8336404e-05
3.4144752e-05	0.99993896	2.6956195e-05
3.0998628e-05	0.9999441	2.4939138e-05
2.6243293e-05	0.9998964	7.732364e-05
1.413926e-05	0.0001810395	0.9998048
0.9999702	2.4282268e-05	5.4734533e-06
2.5380183e-05	0.9999267	4.7868685e-05
0.00046228027	0.9994987	3.8935792e-05
6.380237e-06	1.107595e-05	0.9999826
1.9976591e-05	0.9996979	0.00028204723
4.972047e-06	9.651755e-06	0.99998534
2.3784036e-05	0.99994075	3.542571e-05
2.5590636e-05	0.9999448	2.9565439e-05
2.5039575e-05	0.9999368	3.811316e-05
6.01028e-06	8.196898e-06	0.9999858
1.8493873e-05	0.9999201	6.137728e-05
0.002936485	0.99700767	5.5860524e-05
2.8145072e-05	0.99994445	2.735769e-05
0.0062863696	0.45454842	0.5391652
3.6511963e-05	0.99993527	2.824961e-05
0.9999716	2.0430789e-05	7.933276e-06
5.218532e-06	8.682988e-06	0.99998605
2.9025755e-06	3.316406e-05	0.9999639
5.924926e-06	8.113542e-06	0.99998593
2.8536595e-05	0.9999349	3.6540965e-05
2.6877386e-05	0.99993896	3.419706e-05
0.9998603	9.773245e-05	4.197808e-05
6.620254e-06	7.536617e-06	0.9999858
6.7894136e-05	0.99991596	1.6060627e-05
4.8221445e-05	0.9999238	2.7941773e-05
7.6109327e-06	7.491943e-06	0.99998486
3.4008215e-05	0.9999405	2.55062e-05
0.9999118	7.6763994e-05	1.1411995e-05
5.5698052e-05	0.999902	4.2336975e-05
2.55654e-05	0.9999442	3.0330375e-05
2.6971433e-05	0.99994624	2.6870353e-05
2.652816e-05	0.9999467	2.6663984e-05
2.4910134e-05	0.9999429	3.2201056e-05
5.415484e-06	8.813131e-06	0.9999858
0.99995387	1.5317775e-05	3.0798026e-05
2.8315342e-05	0.9999411	3.0496944e-05
7.1567697e-06	1.1514021e-05	0.9999813
0.99842083	0.0003351629	0.0012440196
1.5373647e-05	1.7636767e-05	0.999967
3.254698e-05	0.99993193	3.549638e-05
2.4512643e-05	0.99994373	3.1664196e-05
7.474185e-06	7.973434e-06	0.9999845
7.486114e-06	8.68026e-06	0.9999838
3.9745755e-06	1.1319974e-05	0.99998474
6.00722e-06	8.165783e-06	0.9999858
8.977288e-06	1.1259613e-05	0.99997973
2.9172485e-05	0.99993515	3.558435e-05
2.4505816e-05	0.9999428	3.2659544e-05
2.7327198e-05	0.9969695	0.0030032143
2.5362015e-05	0.9999449	2.9641305e-05
4.0646864e-05	0.9999268	3.2522243e-05
6.240119e-06	8.00391e-06	0.9999858
0.9999676	1.943451e-05	1.2969754e-05
2.6121837e-05	0.99993825	3.5662088e-05
2.9193732e-05	0.99994123	2.960283e-05
0.9999378	5.6800793e-05	5.373846e-06
5.3295016e-06	8.849439e-06	0.9999858
1.5549624e-05	0.00010273955	0.99988174
3.343241e-05	0.99994254	2.4024448e-05
0.002290753	0.9976767	3.2556178e-05
2.9551593e-05	0.99994457	2.5915951e-05
6.455601e-06	1.34571565e-05	0.9999801
0.99997246	2.0887745e-05	6.6517896e-06
2.5535483e-05	0.99994636	2.812991e-05
7.2609946e-06	0.0010100139	0.9989827
2.3365705e-05	0.9999205	5.617985e-05
4.3245177e-06	1.1125113e-05	0.9999845
5.1435723e-06	9.8176015e-06	0.999985
4.9121923e-06	9.360017e-06	0.9999857
0.9999707	1.46405355e-05	1.4713741e-05
2.3462302e-05	0.027857235	0.97211933
1.9117213e-05	0.99991536	6.5568034e-05
0.9999567	1.717829e-05	2.6103842e-05
0.0001815318	0.99713993	0.0026785566
2.5399353e-05	0.9999436	3.098425e-05
3.56581e-05	0.9999418	2.2538277e-05
3.6829515e-05	0.99994123	2.1894768e-05
2.6977825e-05	0.99993813	3.4886376e-05
6.2138324e-06	8.48074e-06	0.99998534
6.5921186e-06	8.463632e-06	0.999985
6.032554e-06	4.248751e-05	0.9999515
2.3749739e-05	0.9999434	3.2886663e-05
6.434005e-05	0.99991024	2.5381167e-05
3.257652e-05	0.99993896	2.8462022e-05
2.906249e-05	0.99993694	3.3963563e-05
4.28074e-06	1.41163355e-05	0.99998164
5.243624e-06	8.998231e-06	0.9999858
3.5035773e-05	0.99993896	2.5965084e-05
8.431323e-06	7.009672e-06	0.9999845
0.9999751	1.6798118e-05	8.1096405e-06
0.99979204	0.00016459465	4.3431406e-05
0.0009748865	2.7987344e-05	0.99899715
2.330845e-05	0.9999391	3.7602345e-05
6.368657e-06	9.992957e-06	0.99998367
2.947943e-06	2.8788894e-05	0.9999683
7.071956e-05	0.99989986	2.9412506e-05
3.0719362e-05	0.9999379	3.134506e-05
2.4849489e-05	0.9999373	3.793166e-05
6.5640415e-06	9.976376e-06	0.99998343
3.136689e-05	0.9999418	2.6818523e-05
4.222352e-05	0.99993277	2.5028636e-05
2.5089888e-05	0.9999385	3.6521065e-05
5.14339e-06	1.1100836e-05	0.9999838
4.5333873e-06	2.339416e-05	0.9999721
3.491622e-06	0.0001268436	0.9998697
0.9999683	1.8620507e-05	1.3080315e-05
4.328289e-06	1.0168788e-05	0.99998546
4.2933484e-06	1.4154564e-05	0.9999815
3.0485235e-05	0.99993956	2.9875302e-05
4.4204457e-06	1.0469118e-05	0.9999851
5.8922333e-06	8.8539155e-06	0.9999852
3.3652865e-05	0.99994314	2.3298146e-05
5.2766245e-06	8.444205e-06	0.9999863
3.569087e-05	0.9999354	2.8988397e-05
3.1253774e-05	0.9999443	2.4428946e-05
3.0995852e-05	0.9999423	2.6695261e-05
0.03396333	0.9659017	0.0001348933
3.7955637e-05	0.99993885	2.325915e-05
0.99996746	2.719291e-05	5.397056e-06
0.003864286	0.5848877	0.41124803
0.99996567	2.3721292e-05	1.0620611e-05
3.928963e-05	0.0006753331	0.9992854
6.178293e-06	8.013038e-06	0.9999858
0.00035251488	0.99962413	2.331169e-05
2.8382521e-05	0.9999466	2.505069e-05
3.1748048e-05	0.9999448	2.345126e-05
4.5892734e-06	9.472701e-06	0.99998593
3.7203048e-05	0.9999349	2.7835964e-05
6.714315e-06	8.981869e-06	0.99998426
4.1171465e-06	1.07426e-05	0.9999851
2.8098077e-05	0.9999422	2.9677652e-05
5.2183523e-06	8.87548e-06	0.99998593
4.2046318e-06	1.0808686e-05	0.999985
0.99997413	1.9574107e-05	6.307006e-06
4.5278325e-06	1.0475749e-05	0.999985
3.3388376e-05	0.9999424	2.4229455e-05
6.7855967e-06	7.659594e-06	0.9999856
2.8241258e-05	0.99994576	2.5980395e-05
4.9177543e-06	1.0828623e-05	0.99998426
0.9998889	0.000101867765	9.13071e-06
4.6942273e-06	1.5809634e-05	0.9999795
4.8834354e-06	1.0963018e-05	0.99998415
7.982939e-06	8.244234e-06	0.9999838
2.9330693e-05	0.9999411	2.9609631e-05
0.0008111471	0.9991516	3.7309615e-05
0.00022306529	0.9997279	4.9036094e-05
2.4829109e-05	0.9999397	3.5577556e-05
5.8466308e-06	8.064464e-06	0.99998605
8.1049775e-06	1.3112212e-05	0.9999788
2.784627e-05	0.9999447	2.7461314e-05
6.8640607e-06	9.946297e-06	0.9999832
5.6787617e-06	8.706674e-06	0.9999856
7.0061024e-06	8.5860875e-06	0.9999844
3.3879227e-05	0.9999417	2.446775e-05
7.453407e-05	0.999902	2.35098e-05
2.704653e-05	0.99994385	2.9092667e-05
6.655393e-06	1.1415724e-05	0.9999819
8.698728e-06	8.865213e-06	0.9999825
0.9999448	3.6022902e-05	1.9133993e-05
0.99997234	1.5261554e-05	1.2372969e-05
2.9081615e-05	0.9999387	3.2161388e-05
0.9999628	3.0446543e-05	6.74562e-06
2.9487377e-05	0.99994457	2.6038728e-05
3.2910077e-05	0.99994266	2.447244e-05
4.7031033e-05	0.9997614	0.000191509
1.0461733e-05	9.24382e-06	0.99998033
3.2276905e-05	0.99994206	2.5598645e-05
5.5208134e-06	9.063779e-06	0.99998546
4.6172354e-06	1.0907001e-05	0.9999845
3.9353352e-05	0.9999397	2.1031636e-05
0.99997187	1.6165699e-05	1.1977897e-05
5.792929e-06	1.1572436e-05	0.9999826
3.430687e-05	0.9999397	2.6017851e-05
5.543714e-06	9.338924e-06	0.9999851
2.3645944e-05	0.99993324	4.3146465e-05
0.9999682	2.666931e-05	5.070286e-06
5.969274e-06	8.72956e-06	0.99998534
2.4092193e-05	0.999946	2.9874755e-05
0.99995553	3.7898906e-05	6.5376826e-06
2.4651628e-05	0.9999443	3.0962146e-05
2.6028027e-05	0.9999435	3.0470588e-05
3.453187e-05	0.99994123	2.414712e-05
3.4036908e-05	0.99993885	2.711535e-05
6.9452453e-06	1.5497904e-05	0.9999776
2.9493483e-05	0.99993706	3.349682e-05
3.39068e-06	1.7089986e-05	0.9999795
0.8994393	0.09933683	0.0012238129
0.0005503333	0.9993911	5.8650396e-05
4.5929078e-06	1.0339199e-05	0.9999851
2.1302763e-05	0.999941	3.7629616e-05
4.8225565e-06	9.301033e-06	0.99998593
0.99991024	4.7803296e-05	4.1965606e-05
5.5317946e-06	8.418946e-06	0.99998605
2.9569106e-05	0.9999448	2.5596079e-05
3.477154e-05	0.9999436	2.1574824e-05
0.0027087869	0.997029	0.00026220307
2.847289e-05	0.99994504	2.6517644e-05
6.5564236e-06	8.723397e-06	0.99998474
3.5202283e-05	0.99994147	2.3328208e-05
4.9158584e-06	9.203778e-06	0.99998593
0.9999672	1.9217576e-05	1.3530669e-05
0.9984169	0.0015695621	1.3555959e-05
2.6665602e-05	0.9999474	2.582543e-05
0.0007488198	0.9992238	2.7348273e-05
0.9989021	0.0008575805	0.00024029851
3.108542e-05	0.9999399	2.8996603e-05
6.7154783e-06	1.3143228e-05	0.9999801
4.744494e-05	0.99992704	2.5481666e-05
4.9807663e-06	9.597081e-06	0.99998546
4.6195805e-06	9.540723e-06	0.9999858
4.4869093e-06	1.0783634e-05	0.99998474
5.602821e-06	8.659919e-06	0.9999857
2.7163549e-05	0.99994576	2.7036576e-05
6.86121e-06	8.692444e-06	0.9999845
4.28083e-06	1.2099288e-05	0.99998367
0.99995816	3.0742638e-05	1.1102192e-05
6.6609186e-06	9.257873e-06	0.999984
6.274925e-06	9.506496e-06	0.99998426
2.7732369e-05	0.99994576	2.6442407e-05
0.00013527299	0.9998311	3.3633984e-05
4.3786185e-06	1.2400841e-05	0.9999832
7.51961e-06	7.540306e-06	0.999985
2.8028324e-05	0.99994576	2.6271007e-05
4.378075e-05	0.9999261	3.011662e-05
6.472868e-06	7.954849e-06	0.9999856
6.9820458e-06	1.4956537e-05	0.99997807
0.00012667014	0.9998517	2.1515109e-05
4.607435e-05	0.9999305	2.3410594e-05
2.996709e-05	0.9999335	3.6603873e-05
3.5537952e-05	0.99994075	2.3688553e-05
3.186873e-05	0.9999441	2.4078317e-05
0.999966	2.5490413e-05	8.469294e-06
5.9930685e-06	8.152648e-06	0.9999858
5.5990613e-06	8.546428e-06	0.9999858
2.9620522e-05	0.9999436	2.6802336e-05
5.5258142e-06	8.65207e-06	0.9999858
4.7785623e-05	0.9999238	2.8397197e-05
7.2822504e-06	2.046688e-05	0.9999722
5.92552e-06	9.944666e-06	0.99998415
0.9999485	3.7579757e-05	1.3979407e-05
3.079743e-05	0.99993634	3.288888e-05
0.008687221	0.991248	6.478377e-05
3.2558597e-05	0.9999436	2.3824057e-05
6.6236757e-06	8.741559e-06	0.9999846
3.0232499e-05	0.9999354	3.438543e-05
0.9969843	0.002033749	0.0009819497
4.499988e-06	1.0925303e-05	0.9999846
2.6610547e-05	0.9999472	2.6206859e-05
3.2408716e-05	0.9999443	2.3286399e-05
2.6903013e-05	0.999946	2.7072392e-05
0.00010397358	0.9998728	2.3199442e-05
0.9771115	0.022853883	3.4642384e-05
2.7623075e-05	0.9999404	3.1896434e-05
2.5165435e-05	0.9999391	3.580262e-05
0.7011595	0.00023330246	0.29860723
4.8328598e-06	9.33147e-06	0.9999858
2.8853647e-05	0.99994624	2.4949757e-05
2.4263283e-05	0.99994516	3.0499656e-05
5.814901e-06	8.145849e-06	0.99998605
0.9999722	1.9592988e-05	8.21589e-06
5.3397775e-06	9.132167e-06	0.9999856
3.9306076e-05	0.9999392	2.1471464e-05
2.5714633e-05	0.999931	4.3254597e-05
5.396353e-06	9.489213e-06	0.9999851
0.9999318	1.532746e-05	5.277427e-05
2.9459825e-05	0.99994147	2.9105056e-05
6.803824e-06	7.717842e-06	0.99998546
4.309774e-05	0.99992764	2.9239085e-05
1.3941936e-05	1.3264951e-05	0.9999728
2.5877749e-05	0.99994195	3.221684e-05
3.867998e-06	1.4339033e-05	0.99998176
2.3767614e-05	0.9999424	3.3900582e-05
0.00058920105	0.99935704	5.3682543e-05
3.0094703e-05	0.9999467	2.3265322e-05
3.061418e-05	0.9999405	2.8843277e-05
3.5695983e-05	0.9999423	2.20088e-05
2.6194803e-05	0.043624356	0.9563495
2.5216033e-05	0.999946	2.8739398e-05
4.232617e-06	1.472202e-05	0.99998105
5.5874307e-06	2.1433807e-05	0.99997294
4.954315e-05	0.99992824	2.2176664e-05
2.6916807e-05	0.9999473	2.5802778e-05
7.76868e-06	1.5875488e-05	0.9999764
5.9733993e-06	9.185109e-06	0.99998486
3.109361e-05	0.99993825	3.0606025e-05
5.1198135e-06	9.618519e-06	0.9999852
4.4981225e-06	7.441341e-05	0.9999211
2.710126e-05	0.99994457	2.8336186e-05
3.4492747e-05	0.99994254	2.3059138e-05
2.591224e-05	0.9999435	3.0628235e-05
5.0521044e-06	9.494249e-06	0.99998546
9.788483e-06	7.718496e-06	0.9999825
4.827575e-06	9.540795e-06	0.9999856
5.530053e-06	9.618607e-06	0.99998486
4.11875e-06	1.0467645e-05	0.99998546
2.4346902e-05	0.99994576	2.9893159e-05
2.476103e-05	0.99994254	3.2638705e-05
4.7768162e-06	9.117447e-06	0.99998605
9.498814e-06	7.824539e-06	0.9999827
9.16783e-06	1.4908372e-05	0.9999759
2.2012695e-05	0.9999428	3.5171925e-05
5.2517054e-05	0.6822325	0.31771493
2.6889016e-05	0.99994147	3.1644326e-05
0.99980456	0.00017860057	1.682995e-05
4.0692867e-05	0.9999373	2.208116e-05
2.7945389e-05	0.9999435	2.8564666e-05
2.831351e-05	0.99994504	2.6537553e-05
3.4659322e-05	0.99994123	2.4092007e-05
3.0179093e-05	0.99994123	2.8553188e-05
5.5049895e-06	8.797478e-06	0.9999857
2.5591935e-05	0.99993837	3.59408e-05
4.1197195e-06	1.1603232e-05	0.99998426
0.99936324	0.00063065777	6.1044384e-06
5.7794405e-06	5.696025e-05	0.9999373
3.8979084e-05	0.9999385	2.247973e-05
0.99996316	3.125156e-05	5.6454955e-06
6.6287257e-06	8.561348e-06	0.99998486
2.2535829e-05	0.99994004	3.7448397e-05
2.739343e-05	0.9999443	2.8280218e-05
6.169651e-06	7.72499e-06	0.99998605
9.610472e-06	7.5182024e-06	0.99998283
4.262207e-06	1.26732875e-05	0.9999831
5.6596623e-06	8.256873e-06	0.99998605
0.0001310942	0.99982905	3.9829734e-05
4.808375e-06	9.345952e-06	0.9999858
0.99994373	5.124747e-05	5.000905e-06
3.344752e-06	2.132317e-05	0.9999753
4.1520518e-05	0.9999325	2.6033747e-05
2.427845e-05	0.99994075	3.496844e-05
5.1239354e-06	8.795382e-06	0.99998605
0.9999579	3.676465e-05	5.4119305e-06
6.526909e-06	1.0574355e-05	0.99998295
3.8311915e-05	0.9919195	0.008042202
4.143757e-06	1.1306085e-05	0.9999845
4.264373e-06	1.1103195e-05	0.9999846
6.6056723e-06	8.626339e-06	0.99998474
6.9688854e-06	7.693385e-06	0.99998534
5.1419374e-06	9.2184455e-06	0.9999857
5.141123e-06	9.416555e-06	0.99998546
3.762323e-05	0.9999355	2.680925e-05
7.144119e-06	8.819841e-06	0.999984
3.1391624e-05	0.9999441	2.4516134e-05
2.5815578e-05	0.9999474	2.6749503e-05
9.791663e-06	9.147309e-06	0.99998105
4.342739e-06	1.0477699e-05	0.9999852
1.50043015e-05	9.420217e-06	0.99997556
0.96869826	0.03127545	2.6338335e-05
1.2297539e-05	3.0564952e-05	0.9999571
1.06731895e-05	0.006442703	0.99354666
5.6376775e-06	9.36059e-06	0.999985
4.9153263e-05	0.99992394	2.692352e-05
4.361986e-05	0.99992657	2.9841458e-05
6.2136096e-05	0.99989164	4.62054e-05
0.99991584	7.516578e-05	8.946673e-06
6.290218e-06	1.2769979e-05	0.9999809
6.716866e-06	9.58883e-06	0.99998367
2.9967168e-05	0.99994373	2.6374304e-05
0.9999677	1.8977269e-05	1.3336856e-05
2.513407e-05	0.9999403	3.4591e-05
4.397763e-06	1.181218e-05	0.9999838
3.4385397e-05	0.99994195	2.3678464e-05
3.9031943e-06	1.804447e-05	0.99997807
4.3711043e-06	9.747111e-06	0.99998593
0.9996624	0.00033491885	2.7440462e-06
0.99995685	3.76724e-05	5.481409e-06
2.809605e-05	0.9999454	2.6476386e-05
2.3847073e-05	0.9999422	3.3957913e-05
3.0933534e-05	0.99994576	2.3242217e-05
0.003864286	0.5848877	0.41124803
4.1938247e-06	4.8566453e-05	0.9999472
4.032498e-06	1.0319996e-05	0.9999857
3.1235402e-05	0.99994385	2.493975e-05
7.2265257e-06	7.779371e-06	0.999985
3.032394e-05	0.9999409	2.8815735e-05
5.7438515e-06	0.00018267098	0.9998116
4.015069e-05	0.9999356	2.4144361e-05
2.5211328e-05	0.99994624	2.8571965e-05
6.617051e-06	9.937671e-06	0.99998343
2.931264e-05	0.99993575	3.4973233e-05
2.1197005e-05	0.99993944	3.936705e-05
1.3627723e-05	1.0170294e-05	0.99997616
6.517444e-06	8.32619e-06	0.9999851
7.1155487e-06	7.801125e-06	0.9999851
0.999974	1.7128465e-05	8.838765e-06
2.5234807e-05	0.9999397	3.5062876e-05
2.6003554e-05	0.99994504	2.8988818e-05
3.5779234e-05	0.9999248	3.9504226e-05
2.4454388e-05	0.9999372	3.840071e-05
7.444896e-06	5.868639e-05	0.99993384
5.61576e-06	9.911804e-06	0.9999845
0.9998103	0.00018121081	8.54276e-06
0.0012135484	0.998672	0.00011446532
3.1443255e-05	0.9999273	4.1220454e-05
0.9999691	2.2379496e-05	8.507544e-06
3.9512515e-06	1.2608434e-05	0.99998343
2.6634822e-05	0.9999435	2.9954219e-05
4.499185e-06	1.0059572e-05	0.99998546
5.0196846e-05	0.99992526	2.4582958e-05
3.0468018e-05	0.99994016	2.936072e-05
2.0260883e-05	0.9999175	6.219645e-05
6.0458124e-06	8.288492e-06	0.9999857
3.1545995e-05	0.99994123	2.7227772e-05
2.6791913e-05	0.9999429	3.026134e-05
2.762645e-05	0.99993956	3.2806e-05
3.302157e-05	0.999944	2.3061632e-05
2.6094376e-05	0.9999441	2.9809496e-05
0.99972075	0.0002755546	3.742549e-06
4.8607173e-05	0.9911534	0.008798085
5.003224e-06	5.2989843e-05	0.99994195
0.99997437	1.6162716e-05	9.4741545e-06
4.8949805e-06	1.0016882e-05	0.9999851
0.99996483	2.1228234e-05	1.3942251e-05
8.907078e-05	0.99981517	9.583333e-05
6.3513094e-06	8.178655e-06	0.99998546
3.202092e-05	0.9999455	2.2431403e-05
5.9405593e-06	7.9804595e-06	0.99998605
2.5115549e-05	0.99994326	3.1625976e-05
5.7975763e-06	8.882944e-06	0.99998534
6.3105967e-06	8.356411e-06	0.99998534
3.6420897e-05	0.9999405	2.3002029e-05
8.140512e-06	1.7601811e-05	0.99997425
4.3250435e-05	0.99993193	2.4776735e-05
2.656956e-05	0.9999441	2.931487e-05
2.3152195e-05	0.9999399	3.690362e-05
0.99994576	5.0086073e-05	4.148396e-06
6.8013774e-06	7.863302e-06	0.99998534
0.00044112222	0.9995291	2.9813553e-05
2.9437713e-05	0.9999449	2.5580635e-05
2.6347985e-05	0.9981298	0.001843874
0.00023595855	0.9997367	2.7268325e-05
4.419725e-05	0.03734955	0.96260625
2.4568615e-05	0.99994624	2.9215655e-05
4.2364986e-06	1.2551266e-05	0.9999832
4.0310906e-06	1.993519e-05	0.99997604
6.105803e-06	1.0543446e-05	0.9999833
5.644364e-06	8.4308285e-06	0.99998593
6.0906177e-06	8.835956e-06	0.9999851
2.6133242e-05	0.99994373	3.0211135e-05
6.7041656e-05	0.024191309	0.9757416
4.064099e-05	0.99704283	0.002916481
6.1604314e-06	8.768833e-06	0.9999851
0.99992335	5.7058623e-05	1.9530393e-05
2.4785533e-05	0.9999436	3.164023e-05
4.507984e-06	1.1277267e-05	0.99998426
4.8277498e-06	9.657217e-06	0.99998546
0.99995875	3.435018e-05	6.918842e-06
0.9999738	1.7733697e-05	8.48031e-06
7.800451e-06	8.6069185e-06	0.99998355
2.7846098e-05	0.9999461	2.599902e-05
6.1901474e-06	1.0910811e-05	0.99998295
4.9842565e-06	1.2820637e-05	0.99998224
0.00011403346	0.99985015	3.5798406e-05
0.9999409	1.6556864e-05	4.2511787e-05
5.727159e-06	8.9402165e-06	0.99998534
7.6343036e-05	0.99989367	3.0065512e-05
2.9495643e-05	0.9999416	2.8959923e-05
5.284414e-06	8.634211e-06	0.99998605
3.3756958e-05	0.99994445	2.1797872e-05
3.9722636e-05	0.99993837	2.1888314e-05
3.079776e-05	0.99993956	2.9628342e-05
4.6555065e-06	1.0384456e-05	0.999985
2.3917555e-05	0.99993885	3.7204085e-05
6.202108e-06	8.763039e-06	0.999985
0.99988425	0.000105660496	1.01129945e-05
6.2169756e-06	8.082186e-06	0.9999857
6.279375e-06	7.995707e-06	0.9999857
0.9999726	2.1678099e-05	5.7311345e-06
3.040635e-06	2.146354e-05	0.99997544
0.9998584	1.3743942e-05	0.00012789259
0.015142586	0.9848082	4.9239203e-05
6.641836e-06	7.804142e-06	0.9999856
4.5705674e-06	1.2123273e-05	0.9999833
2.6731375e-05	0.9999428	3.0479663e-05
7.946402e-06	7.5430135e-06	0.9999845
4.8325946e-06	9.027037e-06	0.9999862
2.747166e-05	0.9999466	2.6011656e-05
5.121124e-06	1.0200415e-05	0.9999846
4.1577452e-05	0.99993527	2.3170884e-05
0.007758758	0.9922118	2.9408928e-05
4.4501972e-05	0.9999356	1.985614e-05
9.41882e-06	0.00060364726	0.9993869
6.7520405e-06	7.910424e-06	0.99998534
2.7945349e-05	0.9999449	2.7167387e-05
2.9118017e-05	0.9999422	2.8750253e-05
7.562566e-05	0.9870091	0.012915208
0.00014260573	0.999488	0.00036941134
6.8942136e-05	0.9998894	4.1704767e-05
8.75206e-06	9.591846e-06	0.99998164
3.257123e-05	0.9999397	2.774736e-05
0.9999548	3.7546786e-05	7.654145e-06
2.8246774e-05	0.99994457	2.7181113e-05
5.136025e-06	9.648165e-06	0.9999852
2.0466927e-05	0.0003216654	0.99965787
6.810871e-05	0.99991393	1.8036655e-05
3.565389e-05	0.99993825	2.609171e-05
6.370679e-06	8.132424e-06	0.99998546
6.76012e-06	7.9389465e-06	0.99998534
4.4269345e-06	9.373304e-06	0.9999862
3.2595563e-05	0.9999435	2.3945782e-05
3.022117e-05	0.999944	2.5803922e-05
5.431968e-06	1.0777023e-05	0.9999838
3.1929856e-05	0.9999424	2.5626647e-05
2.3002012e-05	0.99993706	3.993171e-05
2.0756283e-05	0.99989974	7.9505e-05
5.846513e-06	4.2580818e-05	0.9999516
2.7909966e-05	0.99994063	3.1461706e-05
0.99996245	3.0110192e-05	7.3604133e-06
3.728236e-05	0.99994063	2.2095408e-05
2.6887565e-05	0.9999342	3.886822e-05
2.9864443e-05	0.999946	2.4126979e-05
1.8547944e-05	0.99990606	7.53745e-05
0.99996674	2.8026616e-05	5.302227e-06
5.5679516e-06	9.9321205e-06	0.9999845
6.874308e-06	7.760145e-06	0.99998534
3.196024e-05	0.9999447	2.334177e-05
3.1595875e-05	0.99994457	2.380396e-05
2.9302446e-05	0.99994564	2.5078656e-05
5.9444087e-06	3.3626915e-05	0.9999604
3.4822628e-05	0.9999336	3.155758e-05
3.317258e-05	0.99993277	3.4102333e-05
3.5374993e-05	0.9999424	2.2178205e-05
0.9873482	0.012600273	5.1605293e-05
2.8988758e-05	0.9999392	3.1829695e-05
4.2833976e-06	4.7640988e-05	0.999948
4.4237613e-06	1.0197465e-05	0.99998534
2.8271052e-05	0.9999397	3.2033466e-05
2.7820835e-05	0.99994636	2.5926553e-05
8.316112e-06	0.0002704648	0.9997212
3.5535286e-05	0.9995254	0.00043909438
4.5239826e-06	1.0528742e-05	0.999985
0.00017793305	0.9997956	2.6422505e-05
7.833226e-06	8.131815e-06	0.999984
5.0726787e-05	0.9999082	4.099707e-05
0.99916244	5.0016537e-05	0.00078756764
3.605561e-05	0.9999311	3.2853754e-05
3.6871984e-06	1.7871504e-05	0.9999784
2.698242e-05	0.99994063	3.2460066e-05
1.21365765e-05	1.3071858e-05	0.99997485
9.251633e-06	9.613546e-06	0.99998116
2.4049596e-05	0.9999417	3.4194672e-05
0.99996865	1.9470668e-05	1.1946702e-05
4.5241736e-06	1.5052949e-05	0.99998045
5.1250204e-06	8.874812e-06	0.99998605
6.1985897e-06	7.921994e-06	0.99998593
2.4870174e-05	0.9999397	3.5459234e-05
4.741646e-06	1.2845249e-05	0.99998236
3.8669645e-05	0.9733367	0.026624642
1.69414e-05	0.00015663372	0.9998265
1.1672005e-05	0.00020100469	0.9997874
5.24439e-06	9.656625e-06	0.9999851
6.1416863e-06	9.329812e-06	0.9999845
1.0655518e-05	7.668261e-06	0.99998164
0.99997056	1.4226215e-05	1.5217983e-05
3.5375477e-05	0.9999418	2.2808737e-05
1.0070051e-05	0.00011447196	0.9998754
5.4041525e-06	9.136644e-06	0.99998546
2.4414094e-05	0.99994457	3.103195e-05
2.7122172e-05	0.99993956	3.3256394e-05
6.046495e-06	7.815364e-06	0.9999862
0.00016919103	0.9998022	2.8573324e-05
0.030426653	0.96950233	7.105487e-05
5.8288402e-05	0.9998888	5.2906544e-05
3.2800326e-05	0.99994385	2.3398274e-05
9.810502e-06	8.554195e-06	0.99998164
5.662392e-06	8.664372e-06	0.9999857
6.848033e-05	0.22205158	0.77788
4.575115e-05	0.999933	2.1229054e-05
5.817365e-06	8.88696e-06	0.99998534
0.9634271	0.03653986	3.3092925e-05
5.6623603e-06	8.530802e-06	0.9999858
1.0968967e-05	1.2664964e-05	0.9999764
3.9031533e-05	0.9999318	2.9196211e-05
8.64892e-06	0.00022476199	0.99976665
0.000116248564	0.9998543	2.945962e-05
0.9999484	4.618062e-05	5.470641e-06
0.99996924	2.1496327e-05	9.30945e-06
5.043988e-06	1.0279487e-05	0.9999846
6.1144574e-06	8.523462e-06	0.99998534
3.519482e-05	0.9999411	2.3664403e-05
0.00035159738	0.30540723	0.69424117
0.9999596	3.4220535e-05	6.2258564e-06
5.9733993e-06	9.185109e-06	0.99998486
4.40866e-05	0.9999355	2.0427366e-05
3.9380382e-05	1.2445663e-05	0.99994814
0.015673682	0.9834224	0.0009038839
0.55499387	0.44494078	6.5375294e-05
3.090555e-05	0.9999429	2.6196301e-05
7.034082e-06	9.297819e-06	0.99998367
5.195703e-06	9.801511e-06	0.999985
1.0926348e-05	1.9479248e-05	0.9999696
2.8768458e-05	0.99994576	2.5494614e-05
2.6721851e-05	0.99994504	2.8254897e-05
3.3570548e-05	0.99993837	2.804705e-05
5.726812e-06	8.518363e-06	0.9999858
4.4381497e-05	0.99993324	2.2408507e-05
0.9999505	4.5571192e-05	3.9433967e-06
8.7522596e-05	0.99982363	8.8940724e-05
5.489904e-06	1.1090483e-05	0.99998343
2.6499503e-05	0.9999455	2.80701e-05
5.4370753e-06	8.568563e-06	0.99998605
5.423821e-06	1.9210107e-05	0.9999753
4.1376156e-06	2.0015674e-05	0.9999758
0.9999689	2.5059753e-05	6.0344028e-06
0.99997187	1.7053027e-05	1.11242625e-05
4.732576e-05	0.9999325	2.0124691e-05
8.4572375e-06	6.989653e-06	0.9999845
4.768849e-06	1.0405016e-05	0.99998486
3.4404e-05	0.9999403	2.5220412e-05
3.2128268e-05	0.99994016	2.760295e-05
4.7720296e-06	1.1282243e-05	0.9999839
3.5587873e-05	0.99994075	2.3640936e-05
4.7695626e-06	1.2547981e-05	0.9999827
5.0682047e-06	1.1941246e-05	0.99998295
