0.9999702	1.65795e-05	1.3178479e-05
1.8030527e-05	0.9999614	2.062073e-05
1.9854037e-05	0.9999604	1.9723615e-05
1.7549455e-05	0.99995935	2.315057e-05
6.348541e-05	3.4777713e-05	0.9999018
0.99941444	0.0005793123	6.282962e-06
0.9999709	1.526376e-05	1.3822995e-05
0.99993896	5.3451404e-05	7.5788525e-06
5.1030484e-06	6.142899e-05	0.9999335
1.7488423e-05	1.8388284e-05	0.9999641
2.194447e-05	0.99995995	1.8117911e-05
2.1524926e-05	1.6900005e-05	0.9999616
8.006695e-06	2.927507e-05	0.9999627
1.4834302e-05	1.9380042e-05	0.9999658
0.031281672	0.9686915	2.6746975e-05
0.99162614	0.008356539	1.7272912e-05
0.0005621487	0.9994165	2.1446756e-05
1.6738024e-05	0.9999609	2.2420178e-05
1.8036573e-05	0.999961	2.093263e-05
2.1060867e-05	1.6994562e-05	0.999962
1.9054889e-05	0.999961	1.9951136e-05
2.1653457e-05	0.9999577	2.0563155e-05
1.1927787e-05	2.2817454e-05	0.9999653
1.2307252e-05	2.1240623e-05	0.9999665
1.3530682e-05	2.020593e-05	0.99996626
2.2770564e-05	1.6725715e-05	0.99996054
0.9999695	1.9257559e-05	1.1201449e-05
1.6948814e-05	0.99996066	2.2381313e-05
9.555875e-06	2.7637765e-05	0.9999628
7.641919e-06	2.9959387e-05	0.99996245
1.2705918e-05	0.9999472	4.0100338e-05
7.443176e-06	3.130137e-05	0.99996126
5.9019244e-06	0.00015085738	0.99984324
1.4116121e-05	0.0055391486	0.99444675
1.5272319e-05	0.99995923	2.5486106e-05
1.6589767e-05	1.8798184e-05	0.9999646
0.8408571	0.1590845	5.843702e-05
2.2333885e-05	0.9999603	1.737735e-05
6.77863e-06	4.300514e-05	0.9999502
6.563668e-06	3.439182e-05	0.999959
1.5563877e-05	0.99996054	2.3883971e-05
3.3320906e-05	0.99802655	0.001940169
1.2385802e-05	2.0984236e-05	0.9999666
1.5318119e-05	0.9999536	3.0975225e-05
0.99997103	1.5503982e-05	1.34529155e-05
1.9924235e-05	0.99995935	2.0695275e-05
1.8249924e-05	0.99996054	2.1196583e-05
1.7401619e-05	0.99996066	2.1888574e-05
8.624825e-06	2.7557991e-05	0.99996376
1.4245094e-05	2.0445845e-05	0.9999653
2.1724318e-05	0.9999603	1.8046214e-05
1.1168785e-05	2.3129178e-05	0.99996567
9.964106e-06	2.4118695e-05	0.9999659
9.827047e-06	0.9999347	5.552602e-05
1.8070547e-05	0.99996114	2.0702499e-05
2.0571495e-05	0.9999608	1.8547897e-05
2.6490638e-05	0.99995613	1.7364735e-05
1.8344124e-05	1.7898446e-05	0.99996376
4.091508e-05	0.99994445	1.465085e-05
1.3761097e-05	2.0112206e-05	0.99996614
2.4082785e-05	0.9999589	1.704159e-05
1.8056899e-05	0.9999608	2.1261538e-05
2.0668811e-05	0.99996054	1.8797266e-05
2.1645867e-05	0.9999598	1.8473806e-05
1.5757649e-05	0.9999598	2.4419216e-05
1.3119878e-05	0.9999509	3.601502e-05
2.036267e-05	0.999961	1.8544206e-05
2.0245247e-05	0.9999609	1.8800283e-05
2.0296913e-05	1.72071e-05	0.99996245
0.99996996	1.8603534e-05	1.145889e-05
0.999918	7.5178694e-05	6.826496e-06
1.1132392e-05	2.2739856e-05	0.99996614
2.4156776e-05	1.6287859e-05	0.9999596
8.290865e-06	2.867976e-05	0.99996305
7.1979516e-06	3.1996497e-05	0.9999608
1.39752865e-05	2.060206e-05	0.9999654
1.4407849e-05	0.9999591	2.6414153e-05
0.9999062	8.8334855e-05	5.4701336e-06
0.00016714308	0.89619565	0.103637226
7.599389e-06	3.1950836e-05	0.9999604
1.2489118e-05	2.1425301e-05	0.999966
2.2315526e-05	0.99996006	1.7700522e-05
3.140283e-05	0.9999511	1.7535476e-05
0.0004165536	0.999571	1.2420673e-05
1.992337e-05	0.9999608	1.9320578e-05
1.5038232e-05	1.938316e-05	0.99996555
1.5300719e-05	0.9999604	2.4269206e-05
1.380509e-05	2.0133542e-05	0.999966
0.99996996	1.5752039e-05	1.4302004e-05
8.594238e-06	2.6947166e-05	0.9999645
1.7754544e-05	0.9999614	2.085103e-05
1.9912522e-05	0.98616135	0.013818762
5.0599087e-05	0.99993587	1.3575833e-05
2.6648313e-05	1.655228e-05	0.99995685
1.5188237e-05	0.9999585	2.6396383e-05
2.098468e-05	1.800339e-05	0.999961
0.99993384	5.766034e-05	8.406008e-06
1.5147423e-05	0.999959	2.5815285e-05
1.5272051e-05	2.007942e-05	0.9999646
2.2714577e-05	0.9999584	1.8884082e-05
0.99997056	1.7325667e-05	1.2136201e-05
1.2130993e-05	2.1288646e-05	0.9999666
1.816509e-05	0.9999609	2.102456e-05
4.4777935e-06	8.007619e-05	0.9999155
6.9666403e-06	3.430435e-05	0.99995875
0.9999684	1.5032281e-05	1.6572278e-05
0.9999589	3.3675224e-05	7.5160583e-06
0.99997103	1.5975704e-05	1.2964567e-05
1.664012e-05	0.99996054	2.282383e-05
2.5023635e-05	0.99995804	1.69702e-05
1.5472784e-05	0.99996054	2.3982484e-05
0.99995077	1.4344075e-05	3.498487e-05
0.9999554	1.2991172e-05	3.1554748e-05
1.5019435e-05	0.99995935	2.5673682e-05
8.98093e-06	2.7295853e-05	0.99996376
2.0652564e-05	0.999961	1.8315037e-05
0.9999708	1.5135603e-05	1.4110059e-05
3.3743727e-05	0.99995005	1.6190801e-05
1.8127055e-05	1.8936162e-05	0.9999629
1.276966e-05	0.9999541	3.3159497e-05
1.8210983e-05	0.99996173	2.005806e-05
1.4053271e-05	2.0572965e-05	0.9999654
2.441634e-05	0.9999584	1.7114466e-05
2.9084347e-05	0.9999516	1.9266674e-05
2.5182246e-05	0.99995744	1.740689e-05
2.240995e-05	0.9999596	1.7956589e-05
1.25265815e-05	2.26634e-05	0.99996483
1.840856e-05	0.9999608	2.0890488e-05
1.2528853e-05	2.1566153e-05	0.9999659
1.5683358e-05	0.9999604	2.3841936e-05
2.2126169e-05	0.99995947	1.8308407e-05
6.6731495e-06	3.6385707e-05	0.99995697
1.5379783e-05	2.668756e-05	0.9999579
2.3104889e-05	0.99995923	1.7607825e-05
4.3360295e-05	0.022323094	0.97763354
1.8576735e-05	0.9999608	2.0639802e-05
1.8038478e-05	0.9999597	2.2301285e-05
4.070375e-06	0.00026749066	0.9997284
1.4995157e-05	1.9335439e-05	0.99996567
1.2611561e-05	0.99995375	3.361419e-05
1.482106e-05	0.9999597	2.5499976e-05
2.8831542e-05	0.9999542	1.693846e-05
0.9999273	6.208535e-05	1.0634869e-05
0.99991274	8.057782e-05	6.640725e-06
8.341805e-06	2.9618643e-05	0.9999621
5.558568e-06	4.3911616e-05	0.9999505
4.7739036e-06	6.890262e-05	0.9999263
0.99996936	1.8421133e-05	1.2113939e-05
1.461973e-05	1.9618981e-05	0.9999658
3.4034892e-05	0.9999511	1.4838372e-05
5.6770186e-06	4.381791e-05	0.9999505
3.244573e-05	1.6625841e-05	0.9999509
0.99997044	1.5320482e-05	1.4155299e-05
1.1565408e-05	2.2013865e-05	0.9999664
1.2872427e-05	2.0789463e-05	0.9999664
2.6763619e-05	1.6029186e-05	0.9999572
0.9999709	1.5644144e-05	1.3419215e-05
2.8372438e-05	1.5922056e-05	0.99995565
1.802763e-05	0.9999609	2.1085983e-05
1.2272747e-05	2.311914e-05	0.9999646
1.6735785e-05	0.99996066	2.2618373e-05
8.664541e-06	2.8043147e-05	0.9999633
1.6777427e-05	0.9999547	2.8469472e-05
1.5858695e-05	1.8953564e-05	0.9999652
4.966745e-06	0.00011341082	0.9998816
0.999969	2.0009755e-05	1.091322e-05
1.9483501e-05	0.9999609	1.970764e-05
0.6477074	0.35225365	3.8961425e-05
1.5155736e-05	0.9999602	2.4631174e-05
2.2927834e-05	0.99995995	1.7192508e-05
2.1544447e-05	0.9999603	1.808108e-05
6.9860066e-06	3.3442455e-05	0.9999596
0.9999682	2.0534171e-05	1.128891e-05
1.693503e-05	0.9999604	2.2668984e-05
1.5824067e-05	0.99996126	2.2920409e-05
6.764811e-06	3.7116446e-05	0.99995613
1.5217831e-05	0.9999577	2.706876e-05
1.4332725e-05	1.9587727e-05	0.999966
1.1218306e-05	0.9998883	0.000100508136
1.3383478e-05	2.0576215e-05	0.999966
3.0226976e-05	1.5776563e-05	0.999954
8.903593e-06	2.6074202e-05	0.9999651
7.0045385e-06	3.3513934e-05	0.99995947
7.399282e-06	4.0860945e-05	0.9999517
1.4274198e-05	2.0213836e-05	0.99996555
2.51018e-05	1.6607455e-05	0.9999583
2.7630364e-05	0.99995625	1.6106294e-05
1.7132481e-05	0.99996054	2.2261038e-05
2.1441188e-05	0.9999597	1.8886954e-05
1.566584e-05	0.9999598	2.4510537e-05
7.3903507e-06	3.3716555e-05	0.9999589
1.7137785e-05	0.9999486	3.425444e-05
1.817671e-05	1.8557179e-05	0.9999633
3.268548e-05	0.999453	0.0005143676
1.520863e-05	0.9999566	2.818966e-05
2.4088955e-05	1.6465228e-05	0.99995947
1.7679924e-05	0.9999609	2.1407748e-05
1.3884548e-05	2.014036e-05	0.999966
1.927008e-05	0.993134	0.006846601
2.1151674e-05	0.99996054	1.8320532e-05
0.9999479	4.4240875e-05	7.810625e-06
1.9424137e-05	1.7554843e-05	0.99996305
5.405737e-06	5.1674495e-05	0.9999429
5.4583787e-05	0.99993265	1.2754927e-05
1.8360774e-05	0.99995935	2.2304277e-05
4.3518526e-06	0.000483939	0.9995117
1.4602746e-05	0.99995923	2.6047903e-05
0.9999708	1.5099661e-05	1.4067197e-05
8.863926e-06	2.602685e-05	0.9999651
1.3084065e-05	2.084737e-05	0.999966
1.159127e-05	0.999915	7.33741e-05
1.4855177e-05	0.9999567	2.8312654e-05
0.99983037	0.00016280296	6.747853e-06
1.6466644e-05	0.99996054	2.2962095e-05
0.9998543	0.00014058956	4.963328e-06
1.6242548e-05	1.965706e-05	0.9999641
3.844095e-06	0.00028709267	0.99970907
5.3548356e-06	5.4062537e-05	0.99994063
2.0432779e-05	0.9999602	1.9448828e-05
5.96299e-06	4.0477746e-05	0.9999535
1.3257403e-05	2.036439e-05	0.9999664
1.9749654e-05	0.9999609	1.929346e-05
1.8199551e-05	0.99996126	2.04924e-05
1.066893e-05	2.6772086e-05	0.99996257
1.870227e-05	0.9999609	2.0389522e-05
1.968991e-05	0.999961	1.9256348e-05
1.7555873e-05	0.9999616	2.0878633e-05
9.917816e-06	2.486424e-05	0.9999652
9.583938e-06	2.4859697e-05	0.99996555
2.0887694e-05	0.99996054	1.8599972e-05
1.9619394e-05	0.999961	1.9256991e-05
1.6421169e-05	0.9999589	2.4729763e-05
1.8631279e-05	0.999961	2.0421789e-05
1.1889239e-05	0.9999498	3.8211485e-05
2.0532676e-05	0.9999602	1.9315868e-05
0.00016350245	0.9998215	1.5030473e-05
8.033112e-06	3.0208223e-05	0.99996173
1.7464585e-05	0.999961	2.1512476e-05
1.3959234e-05	0.99980706	0.00017906968
3.3703716e-05	0.999951	1.5273983e-05
1.932592e-05	0.99996054	2.0171561e-05
2.1968548e-05	0.99995995	1.8155824e-05
5.9384765e-06	0.00034148342	0.9996526
1.00910165e-05	0.99993825	5.1585474e-05
7.4929494e-06	3.067548e-05	0.99996185
5.0705145e-05	0.99993634	1.2958011e-05
1.5514757e-05	0.99996006	2.4492549e-05
2.269657e-05	0.9999596	1.7745931e-05
0.9622426	0.03773829	1.9053172e-05
6.339371e-05	0.026725842	0.9732108
0.99997044	1.4722383e-05	1.4802758e-05
1.110915e-05	0.9999467	4.2214084e-05
1.1740184e-05	2.2353122e-05	0.9999659
1.9879451e-05	0.9999608	1.9255813e-05
1.5513597e-05	1.9969364e-05	0.9999645
1.5135299e-05	0.9999584	2.6412774e-05
2.2168855e-05	0.99995947	1.8315322e-05
0.0002960426	0.9996867	1.7312077e-05
1.6551292e-05	1.8611336e-05	0.99996483
9.311387e-06	2.7055965e-05	0.99996364
1.1690493e-05	0.9999491	3.9225877e-05
5.2445394e-06	0.00010519171	0.9998895
0.0029006223	0.99708766	1.1810049e-05
1.8547007e-05	1.8134358e-05	0.9999633
1.2769224e-05	0.9998684	0.000118811375
0.99992144	7.238665e-05	6.2201584e-06
0.9857556	0.014220143	2.4243293e-05
1.3091676e-05	2.1132753e-05	0.9999658
5.0767762e-06	6.358053e-05	0.99993134
0.9999702	1.7993565e-05	1.1855798e-05
1.6021957e-05	0.9999535	3.0555606e-05
1.8807286e-05	1.789494e-05	0.9999633
2.4969177e-05	0.99995863	1.6509335e-05
0.99997103	1.5084811e-05	1.3830105e-05
1.1290905e-05	2.2262167e-05	0.9999665
9.598088e-06	0.999874	0.000116367984
1.355648e-05	0.99995315	3.331726e-05
5.6450976e-06	4.448308e-05	0.9999498
1.4246044e-05	0.9999577	2.7962606e-05
2.4708119e-05	0.99995303	2.233176e-05
4.2659973e-05	1.4788744e-05	0.99994254
2.1919855e-05	0.9999602	1.783209e-05
2.116288e-05	0.99995995	1.8783921e-05
2.0931082e-05	0.9999585	2.0508725e-05
7.4140926e-06	3.0657382e-05	0.999962
7.0589726e-06	3.3215958e-05	0.9999597
2.110781e-05	1.7238077e-05	0.9999616
1.3805831e-05	0.012312441	0.9876738
1.3956598e-05	2.078942e-05	0.9999653
1.9295969e-05	1.7503791e-05	0.99996316
2.1249718e-05	1.7040598e-05	0.99996173
1.5210984e-05	1.9361525e-05	0.9999654
1.9650535e-05	0.9999583	2.1997359e-05
0.999907	8.716404e-05	5.8437768e-06
2.4404746e-05	0.99995553	2.0068632e-05
9.933105e-06	2.5661815e-05	0.99996436
4.35444e-06	8.321381e-05	0.9999124
1.6586919e-05	0.99995506	2.8397842e-05
8.173188e-06	2.8453464e-05	0.9999634
1.5519057e-05	1.90697e-05	0.9999654
5.3196213e-06	4.5785222e-05	0.99994886
2.1355847e-05	0.99996066	1.798159e-05
1.81077e-05	0.9999589	2.3021015e-05
1.9333196e-05	2.3216304e-05	0.99995744
2.6761041e-05	0.9999553	1.796117e-05
1.1262728e-05	0.9999417	4.7030902e-05
5.5938604e-06	5.482995e-05	0.99993956
1.6431248e-05	1.8645786e-05	0.99996495
9.3917784e-05	1.4141748e-05	0.9998919
1.2791857e-05	2.1488111e-05	0.99996567
2.1910259e-05	0.99995995	1.8093979e-05
7.3389356e-06	3.806324e-05	0.9999546
2.0580743e-05	0.99996006	1.9289728e-05
3.7545335e-05	0.9999466	1.5892525e-05
1.6833083e-05	0.99996114	2.211201e-05
1.3954497e-05	1.971967e-05	0.9999664
1.0280259e-05	2.442643e-05	0.9999653
7.285955e-06	3.5458605e-05	0.9999572
2.2265102e-05	0.99995995	1.7807257e-05
6.411417e-06	0.0010395916	0.99895394
2.3706109e-05	1.6727214e-05	0.9999596
1.9772633e-05	0.99996114	1.9108465e-05
1.2420271e-05	0.99995434	3.3302815e-05
2.0828058e-05	0.99996054	1.85509e-05
2.3872732e-05	0.999959	1.7175644e-05
1.32870955e-05	0.9996201	0.00036650005
1.6293554e-05	0.99996114	2.248264e-05
0.99997103	1.7214124e-05	1.1769975e-05
2.337863e-05	0.99995947	1.7162783e-05
2.0550457e-05	0.99995995	1.9495417e-05
1.5006348e-05	0.9999584	2.6573083e-05
1.0106896e-05	2.5088202e-05	0.99996483
1.6427526e-05	0.9999597	2.3876208e-05
1.6608836e-05	0.99996126	2.2215669e-05
1.657271e-05	1.8567085e-05	0.99996483
2.0579868e-05	0.9999585	2.08276e-05
1.7698048e-05	1.81726e-05	0.9999641
4.6563113e-05	0.9999399	1.3475879e-05
1.4207741e-05	0.99995947	2.63915e-05
1.6300633e-05	0.9999596	2.4055626e-05
0.99997056	1.7976643e-05	1.1405147e-05
1.2236669e-05	2.1291487e-05	0.9999665
6.9854814e-06	5.423305e-05	0.9999387
0.9999294	6.475898e-05	5.8951878e-06
1.1930226e-05	0.99991035	7.772366e-05
4.872225e-05	0.999936	1.530395e-05
1.6517168e-05	1.8792503e-05	0.9999647
1.1664858e-05	2.1884798e-05	0.9999665
1.6268064e-05	0.9999604	2.3356213e-05
1.3411247e-05	2.0162928e-05	0.9999664
1.9403658e-05	0.99996006	2.0561361e-05
3.4860786e-05	0.9999473	1.7912496e-05
1.4454271e-05	0.9999553	3.026642e-05
0.9999614	2.7059645e-05	1.1523228e-05
1.9945483e-05	0.9999609	1.924579e-05
2.1687265e-05	0.9999604	1.7874285e-05
0.0001790356	0.9998074	1.3576962e-05
0.99992514	6.7407775e-05	7.525746e-06
9.272017e-06	2.5839157e-05	0.99996483
0.00018954952	0.99979657	1.3933539e-05
0.99996877	2.0256743e-05	1.1022919e-05
7.395973e-06	3.0357516e-05	0.9999622
0.99997103	1.5315058e-05	1.367542e-05
7.213012e-06	3.235973e-05	0.9999604
9.7123075e-06	2.695834e-05	0.9999633
1.188531e-05	0.9999168	7.1240625e-05
1.7965718e-05	0.9999615	2.0504172e-05
0.9999709	1.513048e-05	1.3916471e-05
1.4445204e-05	0.9999583	2.7327951e-05
1.6737562e-05	0.999961	2.2347087e-05
1.9150591e-05	0.99996126	1.951823e-05
1.27373405e-05	2.2896033e-05	0.99996436
2.330093e-05	0.9999597	1.6997796e-05
2.0073856e-05	0.99996114	1.879803e-05
0.99997056	1.8060156e-05	1.1269156e-05
2.7999795e-05	1.5651332e-05	0.99995637
1.7835575e-05	0.99996114	2.1039208e-05
2.4950938e-05	0.99995744	1.764607e-05
2.1161648e-05	0.9999608	1.7949898e-05
5.5618243e-06	4.861685e-05	0.99994576
1.3998279e-05	0.9999509	3.5206544e-05
0.99996555	2.513408e-05	9.263778e-06
3.3340933e-05	0.99762124	0.0023454744
5.7776983e-06	5.5970093e-05	0.99993825
4.649187e-05	0.9112761	0.08867746
0.00012782974	1.8956718e-05	0.99985313
1.1016386e-05	2.2871065e-05	0.99996614
2.5289768e-05	0.99995804	1.6703407e-05
0.9925166	0.00030165733	0.007181696
3.5102537e-05	0.9948049	0.005159961
1.7256576e-05	0.9999603	2.2382115e-05
2.0900367e-05	0.99996054	1.8585359e-05
1.9194804e-05	0.99995947	2.1304335e-05
1.6600092e-05	0.99996114	2.2341572e-05
1.7208185e-05	1.8259849e-05	0.9999645
1.112158e-05	2.2470518e-05	0.9999664
1.7242814e-05	0.9999616	2.109149e-05
6.6805947e-06	3.523632e-05	0.99995804
6.596786e-05	0.9749494	0.02498454
9.487313e-06	2.6215706e-05	0.99996424
1.9881123e-05	0.9999609	1.924533e-05
2.4455712e-05	0.9999579	1.7635799e-05
0.99997103	1.604311e-05	1.2833704e-05
2.1431057e-05	0.99996006	1.8529461e-05
1.8958703e-05	1.762105e-05	0.9999634
2.0108198e-05	0.9999596	2.0243155e-05
0.000122009595	0.6036372	0.39624074
2.1222782e-05	0.9999589	1.9890507e-05
9.758454e-06	0.9996499	0.00034037992
1.6424194e-05	0.99994755	3.5985715e-05
2.1962984e-05	1.6827837e-05	0.99996126
1.9397205e-05	0.99996114	1.9445863e-05
2.1220209e-05	0.99996054	1.8242234e-05
0.9995832	0.00040596584	1.0862314e-05
2.2059588e-05	0.99995947	1.8432267e-05
1.0085307e-05	2.444461e-05	0.9999654
2.0215493e-05	0.99996066	1.9085017e-05
9.789773e-06	2.4732897e-05	0.9999654
1.4836522e-05	1.9520141e-05	0.99996567
3.869006e-06	0.00014472487	0.99985135
1.3791515e-05	1.9804611e-05	0.9999664
7.5903213e-06	2.9972503e-05	0.99996245
1.4150775e-05	0.99995697	2.8803206e-05
1.9112416e-05	0.9999609	2.001066e-05
2.0926518e-05	0.9999579	2.1123518e-05
0.99994755	4.354409e-05	8.931621e-06
2.3120248e-05	0.9999591	1.7799042e-05
1.873186e-05	0.99996054	2.072366e-05
1.8821991e-05	1.8312556e-05	0.9999628
1.9396084e-05	1.8048562e-05	0.99996257
1.9913914e-05	0.9999591	2.100386e-05
1.7147842e-05	0.99992776	5.505629e-05
2.0646268e-05	0.9999603	1.909841e-05
6.325378e-06	3.6791193e-05	0.99995685
1.4491255e-05	2.0062267e-05	0.9999654
0.99996614	2.0903333e-05	1.2989391e-05
1.7409331e-05	0.9999614	2.1243472e-05
1.8055216e-05	1.7933236e-05	0.999964
0.9999703	1.8704373e-05	1.0913879e-05
6.980693e-06	3.42808e-05	0.99995875
1.6551523e-05	0.9999616	2.185862e-05
1.0168157e-05	2.352405e-05	0.99996626
1.6422078e-05	0.9999609	2.2705735e-05
1.660382e-05	0.9999615	2.1910582e-05
1.9611187e-05	0.9999603	2.0050746e-05
9.284972e-06	2.9679682e-05	0.999961
1.9141075e-05	0.999961	1.9789004e-05
1.3584413e-05	2.0464799e-05	0.9999659
4.4061897e-05	0.9566082	0.043347757
6.8277873e-06	3.576628e-05	0.99995744
1.2034974e-05	2.209719e-05	0.9999659
2.062394e-05	0.99996054	1.8788125e-05
3.9874456e-05	0.99993646	2.3542874e-05
2.081152e-05	0.99996054	1.8572195e-05
1.12338375e-05	0.99993765	5.1151066e-05
6.4106694e-05	0.9002561	0.09967984
0.99996996	1.7684957e-05	1.2415599e-05
1.1488709e-05	0.99994814	4.0357692e-05
0.99996936	1.7605636e-05	1.2936473e-05
1.3182094e-05	2.092495e-05	0.9999659
1.03095645e-05	0.9999281	6.164845e-05
2.5711666e-05	1.6597029e-05	0.9999577
4.9973794e-05	0.9998293	0.000120713
6.484755e-05	0.98986197	0.010073157
1.60678e-05	0.9999609	2.2954899e-05
1.6968346e-05	1.8780673e-05	0.99996424
7.2416e-06	0.00043022863	0.99956256
0.000109139146	0.9998747	1.6049415e-05
1.8440078e-05	0.9999615	2.0050866e-05
3.7781494e-05	0.47569215	0.5242701
0.99803215	0.0019242397	4.3600787e-05
0.99996936	2.0291363e-05	1.0396919e-05
1.4823624e-05	1.9417896e-05	0.9999658
1.2992636e-05	0.99993837	4.8668906e-05
1.09726325e-05	2.2838176e-05	0.99996614
1.4608894e-05	0.99995863	2.6671523e-05
1.8262082e-05	0.9999609	2.089306e-05
0.8379106	0.15791078	0.004178687
2.2446255e-05	1.6772776e-05	0.9999608
1.9982479e-05	0.999961	1.8969507e-05
2.0628724e-05	0.9999608	1.8560053e-05
1.0244287e-05	2.5770352e-05	0.999964
1.8775387e-05	0.99996126	1.9883066e-05
0.9999701	1.8598126e-05	1.1312847e-05
0.99969935	0.0002935112	7.2037196e-06
2.1097861e-05	0.9999603	1.8605926e-05
1.5654801e-05	0.99996054	2.3895092e-05
2.0259604e-05	0.99996126	1.8512987e-05
1.6075699e-05	0.9999604	2.3510096e-05
1.2585947e-05	2.1057082e-05	0.9999664
0.9999652	2.0456864e-05	1.42642875e-05
2.9373894e-05	0.99995387	1.6853859e-05
1.878209e-05	1.8704603e-05	0.99996257
4.097111e-05	0.9999367	2.2337212e-05
8.91293e-06	3.2539712e-05	0.9999585
1.3909158e-05	0.9999583	2.7753722e-05
1.7294758e-05	0.9999608	2.1959037e-05
1.6765995e-05	1.8760824e-05	0.9999645
9.387869e-06	2.5444317e-05	0.9999652
9.433325e-06	2.5214405e-05	0.9999653
8.066378e-06	2.8181985e-05	0.99996376
6.772373e-06	3.3816043e-05	0.99995947
1.4730404e-05	0.999959	2.626752e-05
1.7494802e-05	0.9999616	2.0906627e-05
1.5744203e-05	0.9999597	2.4503193e-05
1.9741992e-05	0.999961	1.9219966e-05
0.9999703	1.8149607e-05	1.1595693e-05
1.7208053e-05	1.8396919e-05	0.99996436
0.99997103	1.664615e-05	1.2305008e-05
0.9998086	0.00018600222	5.383041e-06
1.5837642e-05	0.99996054	2.362842e-05
0.99746716	0.0025266788	6.176647e-06
1.5469443e-05	1.974491e-05	0.99996483
7.852181e-06	5.0750532e-05	0.99994135
1.5993484e-05	0.999961	2.2991928e-05
0.99995947	3.318321e-05	7.3909323e-06
1.7566399e-05	0.99996126	2.1276071e-05
8.6814725e-06	2.9040453e-05	0.99996233
0.99997115	1.5663689e-05	1.3259995e-05
1.6204418e-05	0.9999609	2.2861439e-05
1.7946026e-05	0.99996066	2.137335e-05
1.9342295e-05	0.99996066	1.9982699e-05
1.3243453e-05	2.2276245e-05	0.9999645
2.3174482e-05	1.7008564e-05	0.9999598
1.0782505e-05	2.3338527e-05	0.9999659
2.2848308e-05	1.855865e-05	0.99995863
7.2644125e-06	3.258868e-05	0.9999602
4.2849965e-06	0.00012929943	0.99986637
0.99995804	2.866157e-05	1.3340962e-05
1.1018413e-05	2.6802885e-05	0.9999622
2.000081e-05	0.9990741	0.0009058979
1.515053e-05	0.99995995	2.4967138e-05
2.1999467e-05	0.9999597	1.8218365e-05
2.0838483e-05	0.99995935	1.9821495e-05
1.0024151e-05	2.414251e-05	0.9999658
1.859689e-05	1.7817667e-05	0.99996364
8.062513e-06	2.8705106e-05	0.9999633
1.6844613e-05	0.9999602	2.3064491e-05
2.0326484e-05	0.9999602	1.9485717e-05
2.0461743e-05	0.9999596	1.9892705e-05
1.6402242e-05	0.99996054	2.2969716e-05
1.1147021e-05	2.2632868e-05	0.99996626
1.8854571e-05	1.7915567e-05	0.9999633
1.5100953e-05	0.99996006	2.4779014e-05
2.9533323e-05	1.5887228e-05	0.9999546
0.9999702	1.5361751e-05	1.445614e-05
0.029312527	8.988723e-05	0.97059757
0.99996877	1.5284004e-05	1.59991e-05
2.2502092e-05	0.99996006	1.7451997e-05
1.1404237e-05	2.3489698e-05	0.9999651
4.513602e-06	7.7939025e-05	0.9999175
3.2314554e-05	0.99995196	1.5753272e-05
1.2909879e-05	0.9999534	3.3727654e-05
1.527715e-05	0.99995506	2.9642339e-05
0.00013834643	0.7392578	0.26060385
2.2491224e-05	0.9999596	1.793728e-05
0.00018308595	0.9998024	1.4527675e-05
2.3160046e-05	0.99995947	1.7418832e-05
7.4250206e-06	3.0229334e-05	0.99996233
5.446399e-06	9.753948e-05	0.999897
0.000102296035	0.89854896	0.10134869
0.99996984	1.5532289e-05	1.4654423e-05
2.027641e-05	1.7161527e-05	0.99996257
1.4101312e-05	2.0096093e-05	0.9999658
2.1332793e-05	0.9999602	1.842982e-05
1.1181155e-05	2.2565582e-05	0.99996626
1.735192e-05	1.8096445e-05	0.9999646
2.4312249e-05	0.9999585	1.7140586e-05
2.4088955e-05	1.6465228e-05	0.99995947
1.5713174e-05	0.9999583	2.5997824e-05
2.1629481e-05	0.9999598	1.8646419e-05
2.4147175e-05	0.99995875	1.706185e-05
2.2765702e-05	0.9999597	1.7520397e-05
1.8196108e-05	0.99995995	2.1770664e-05
0.9999659	2.4308485e-05	9.72568e-06
3.983202e-05	0.55966663	0.44029355
0.9999701	1.790462e-05	1.2019012e-05
8.71981e-06	3.0639105e-05	0.99996066
1.4047795e-05	2.0264757e-05	0.99996567
3.641048e-05	0.99994826	1.541329e-05
2.0484413e-05	0.99996054	1.8949502e-05
1.7196367e-05	0.99996126	2.1549973e-05
1.8821593e-05	1.7652708e-05	0.9999635
2.9642772e-05	0.99995446	1.5827687e-05
8.5493775e-06	2.669278e-05	0.9999647
7.914557e-06	2.9987188e-05	0.9999621
1.657254e-05	0.9999603	2.3067156e-05
2.1137224e-05	1.7000248e-05	0.99996185
5.0557546e-06	5.397472e-05	0.999941
0.99997103	1.5803289e-05	1.3080537e-05
1.4553533e-05	1.9319154e-05	0.99996614
2.177028e-05	0.9999604	1.7717504e-05
1.1198838e-05	2.3457404e-05	0.9999653
1.5532749e-05	0.9999603	2.4158777e-05
1.1471028e-05	2.2163553e-05	0.9999664
0.99997103	1.6836766e-05	1.2114283e-05
7.2786625e-06	3.366705e-05	0.9999591
1.595355e-05	1.8908864e-05	0.9999652
9.555504e-06	2.5491918e-05	0.99996495
2.0471465e-05	0.99996066	1.8888377e-05
1.4887979e-05	0.9999585	2.653462e-05
0.999966	2.2145967e-05	1.18307535e-05
1.8178398e-05	0.9999608	2.1142563e-05
1.8635092e-05	1.7868784e-05	0.9999635
1.2032499e-05	2.1688202e-05	0.99996626
2.0516938e-05	0.9999602	1.933891e-05
6.4703295e-06	4.4381606e-05	0.9999491
1.0636639e-05	2.3408922e-05	0.9999659
1.9504529e-05	1.7563481e-05	0.9999629
3.443046e-05	0.9999509	1.4721057e-05
1.7290124e-05	0.9999608	2.1932625e-05
2.1437876e-05	0.99996066	1.793629e-05
1.5321668e-05	0.9999571	2.7566535e-05
5.989437e-06	4.0260813e-05	0.99995375
0.91303414	4.291966e-05	0.08692298
0.99997103	1.6570804e-05	1.2437748e-05
2.0957827e-05	0.9999603	1.8732497e-05
3.749975e-05	0.9999449	1.7543029e-05
1.9741987e-05	0.9999608	1.9488332e-05
2.2141317e-05	0.99996006	1.7754708e-05
1.3436071e-05	0.999956	3.0487685e-05
1.3032717e-05	2.1028494e-05	0.9999659
1.8883937e-05	0.99996114	2.0074584e-05
2.2368058e-05	1.7044105e-05	0.99996054
4.566124e-06	6.640185e-05	0.9999291
2.5476762e-05	0.9999578	1.6745525e-05
0.9999707	1.736633e-05	1.1895295e-05
1.3389832e-05	2.0890748e-05	0.99996567
2.3954508e-05	0.99995875	1.7335164e-05
1.7712902e-05	1.8342464e-05	0.999964
1.9932946e-05	0.99996054	1.953328e-05
0.99997056	1.765482e-05	1.17540285e-05
9.512381e-06	2.5259456e-05	0.9999652
2.0275986e-05	0.9999608	1.9012608e-05
0.9999702	1.8464045e-05	1.12872e-05
1.6244305e-05	0.9999608	2.2992886e-05
1.4312988e-05	0.99995947	2.6166848e-05
1.5276988e-05	0.99995875	2.6026315e-05
2.330656e-05	0.999959	1.7605906e-05
0.00026585258	0.9836097	0.016124466
2.5553725e-05	0.9999577	1.6836284e-05
6.3246816e-06	3.8161266e-05	0.99995553
0.9147467	0.085176885	7.648608e-05
3.547145e-05	0.99994934	1.5110154e-05
7.4249765e-06	3.0374515e-05	0.9999622
1.6285974e-05	0.9999602	2.3485956e-05
1.2129898e-05	2.185709e-05	0.999966
0.99898106	2.2571834e-05	0.0009963185
1.39510175e-05	2.0119911e-05	0.9999659
1.5985943e-05	0.99996054	2.346839e-05
1.6774113e-05	0.99996126	2.1990127e-05
2.004969e-05	0.99995244	2.7494676e-05
2.1167327e-05	0.9999602	1.8540353e-05
5.7210204e-06	5.5236145e-05	0.9999391
1.928114e-05	0.99996114	1.9520592e-05
4.3318955e-06	0.0017154897	0.99828017
1.7450793e-05	0.9999578	2.4781819e-05
0.9999093	8.1392725e-05	9.242229e-06
2.2032766e-05	0.99996054	1.7394796e-05
0.00031958398	0.9996673	1.3141385e-05
5.2290075e-06	0.0010668742	0.9989279
1.8196859e-05	0.99996114	2.0671996e-05
2.1731772e-05	0.9693452	0.030632995
1.8997718e-05	0.9999603	2.079344e-05
1.0455312e-05	2.419886e-05	0.9999653
8.281262e-06	2.7858041e-05	0.9999639
1.7852777e-05	1.8294944e-05	0.9999639
1.2817809e-05	2.134022e-05	0.9999658
2.1441374e-05	0.9999597	1.880826e-05
8.171704e-06	2.8838698e-05	0.99996305
1.8889834e-05	1.7584238e-05	0.9999635
0.99996793	2.287488e-05	9.174352e-06
1.8688732e-05	1.783334e-05	0.9999635
2.3519517e-05	1.6867203e-05	0.9999596
2.2123644e-05	0.9999598	1.7947621e-05
2.8785427e-05	0.99995565	1.5645144e-05
1.7712775e-05	1.7949635e-05	0.99996436
1.1070636e-05	2.2774773e-05	0.99996614
1.9599525e-05	0.9999597	2.0787282e-05
1.9680356e-05	0.9999602	2.0128087e-05
6.968929e-06	3.573859e-05	0.9999573
1.3174924e-05	0.99946684	0.0005199322
2.4755433e-05	0.99995685	1.8350926e-05
1.7029097e-05	0.9999608	2.2115502e-05
1.382808e-05	0.9999554	3.0736923e-05
1.8840414e-05	0.99996066	2.052415e-05
2.7271919e-05	0.99995625	1.6391587e-05
0.99996996	1.9586667e-05	1.0436363e-05
1.816417e-05	1.8167635e-05	0.99996364
1.575585e-05	1.9294146e-05	0.99996495
1.8237226e-05	0.99996066	2.1067166e-05
1.2610262e-05	2.1074477e-05	0.99996626
1.6376678e-05	0.99996006	2.3620116e-05
4.761539e-06	8.0641395e-05	0.99991465
7.2607268e-06	4.219436e-05	0.9999505
1.6502845e-05	0.9990061	0.0009773812
1.5992266e-05	0.99996006	2.3962353e-05
6.7588146e-05	0.9999194	1.3016201e-05
1.7202201e-05	0.999961	2.1769067e-05
1.6463284e-05	1.9047051e-05	0.9999645
2.0012838e-05	0.9999572	2.2710807e-05
0.99948776	8.810225e-05	0.00042422704
1.7103454e-05	1.8662797e-05	0.99996424
1.8833192e-05	0.9999616	1.9553394e-05
1.6020951e-05	0.99996126	2.2750955e-05
1.9430301e-05	0.9999609	1.9723471e-05
2.1363392e-05	0.9999591	1.954147e-05
0.99996436	2.6202411e-05	9.468477e-06
1.8859962e-05	0.99996114	2.0029911e-05
1.48072295e-05	0.9999597	2.5551511e-05
0.10097016	6.068435e-05	0.89896923
2.6642892e-05	1.5935224e-05	0.99995744
2.2138827e-05	0.9999602	1.76983e-05
1.6913831e-05	0.999961	2.2062506e-05
1.751612e-05	1.8972054e-05	0.9999635
0.9999703	1.4601599e-05	1.51507875e-05
9.975811e-06	2.4169236e-05	0.9999659
1.4690561e-05	0.99995816	2.7230963e-05
2.6566768e-05	0.9999572	1.6183523e-05
5.65575e-06	4.650783e-05	0.9999478
2.9124745e-05	1.8917055e-05	0.99995196
1.62563e-05	0.9999608	2.2994334e-05
8.2818215e-06	2.8101118e-05	0.99996364
1.772922e-05	0.9999616	2.0649151e-05
5.5449327e-06	4.7180856e-05	0.9999473
3.3854274e-05	0.96671516	0.0332509
1.7020398e-05	0.98386973	0.01611324
1.5289708e-05	0.99996054	2.4240826e-05
0.00012926132	0.9998596	1.1214155e-05
2.1522315e-05	0.99996054	1.7910905e-05
2.0308384e-05	0.9999609	1.8803441e-05
2.7372447e-05	0.99995637	1.6192575e-05
2.0785796e-05	0.9989342	0.0010449016
2.0834474e-05	0.9999604	1.8752466e-05
5.96186e-06	4.5034616e-05	0.999949
5.0859917e-06	7.1580245e-05	0.99992335
1.714544e-05	0.9999584	2.4457053e-05
2.1626054e-05	0.99996066	1.7719265e-05
1.23823975e-05	8.4121006e-05	0.99990344
1.5006931e-05	1.917034e-05	0.9999658
2.6343645e-05	0.99995744	1.6248217e-05
1.1516298e-05	2.2099899e-05	0.9999664
5.1695442e-06	5.9086913e-05	0.99993575
2.3800827e-05	0.9999589	1.7294544e-05
1.9250145e-05	0.99996114	1.9700843e-05
2.1969028e-05	0.9999598	1.8244551e-05
1.7513144e-05	1.8170194e-05	0.99996436
9.105806e-06	2.6455815e-05	0.9999645
8.7738545e-06	2.7806695e-05	0.9999634
7.806661e-06	2.9157418e-05	0.99996305
5.2929386e-06	4.9561237e-05	0.99994516
2.1558591e-05	0.99996054	1.793415e-05
1.8884566e-05	0.99996114	1.9971849e-05
1.2017616e-05	2.1505599e-05	0.9999665
6.1732626e-06	4.13981e-05	0.99995244
8.790638e-06	2.6076741e-05	0.9999652
1.499957e-05	0.9999596	2.5421641e-05
0.00011245469	0.11000828	0.8898793
1.7095528e-05	0.9999614	2.1560603e-05
0.90259415	0.09739003	1.5815802e-05
1.725269e-05	0.99996114	2.160753e-05
1.7328795e-05	0.9999614	2.1356984e-05
1.9334468e-05	0.99996126	1.9386887e-05
1.9345318e-05	0.9999615	1.9152934e-05
1.8916648e-05	0.999959	2.206524e-05
1.1789926e-05	2.2937034e-05	0.9999653
1.7120592e-05	0.99896264	0.0010201683
6.472128e-06	3.5419536e-05	0.99995816
0.9999627	2.904772e-05	8.20144e-06
7.043384e-06	3.3426095e-05	0.9999596
1.879984e-05	0.999961	2.0153766e-05
0.9932787	0.006706191	1.51624035e-05
2.2935188e-05	1.683286e-05	0.9999602
1.9422883e-05	0.9999614	1.9219608e-05
1.8743463e-05	0.999961	2.0235982e-05
1.623925e-05	1.8453764e-05	0.9999653
1.6651175e-05	1.8576295e-05	0.9999647
1.22062e-05	2.1512238e-05	0.99996626
1.8094674e-05	1.783158e-05	0.9999641
0.0033846535	0.9965802	3.5122986e-05
1.0157626e-05	2.420085e-05	0.99996567
0.9999702	1.9336707e-05	1.0465838e-05
5.812207e-06	4.6227302e-05	0.9999479
4.0006482e-05	0.9999453	1.4704726e-05
1.895405e-05	0.99996114	1.9874225e-05
8.827496e-06	2.651806e-05	0.9999646
0.9999689	1.9266567e-05	1.1804425e-05
7.5183293e-06	3.1914205e-05	0.99996054
5.811437e-06	4.708932e-05	0.9999471
8.191149e-06	2.86309e-05	0.99996316
1.2869702e-05	2.072414e-05	0.9999664
9.835346e-06	2.480804e-05	0.9999653
1.8907027e-05	1.7714516e-05	0.9999634
1.593291e-05	1.9273197e-05	0.99996483
3.0517062e-05	1.5521307e-05	0.999954
3.978066e-05	0.99993134	2.8814033e-05
7.661817e-06	3.121572e-05	0.99996114
2.2585762e-05	0.9999598	1.7593433e-05
1.7208084e-05	0.9999614	2.1411657e-05
5.588807e-06	5.16839e-05	0.9999428
9.1628335e-06	2.5049449e-05	0.9999658
2.098468e-05	1.800339e-05	0.999961
1.7671247e-05	0.99995935	2.3021687e-05
1.2259501e-05	2.1645155e-05	0.99996614
4.9405376e-06	0.00019501902	0.9998
1.7989947e-05	1.8396677e-05	0.99996364
1.399765e-05	0.9999584	2.7636668e-05
2.319939e-05	0.9999584	1.8360948e-05
0.91538244	0.08460167	1.5829417e-05
5.126049e-06	7.717426e-05	0.99991775
1.241065e-05	0.9999471	4.056385e-05
1.0289183e-05	2.4509474e-05	0.9999652
2.05075e-05	0.99996066	1.8814162e-05
0.9999707	1.5094604e-05	1.4160136e-05
2.7943937e-05	0.99995637	1.5712321e-05
1.6635588e-05	1.8645158e-05	0.9999647
2.4030047e-05	0.9999591	1.6802735e-05
9.161534e-06	2.5800406e-05	0.9999651
4.7334906e-06	6.2650186e-05	0.99993265
0.999826	0.00016809642	6.014301e-06
2.3034909e-05	0.99995947	1.7514847e-05
1.997472e-05	0.9999608	1.921595e-05
1.748026e-05	0.9999609	2.15556e-05
1.9045508e-05	0.99996173	1.9179077e-05
3.983202e-05	0.55966663	0.44029355
6.8355253e-06	3.4072284e-05	0.9999591
5.900908e-06	4.2705084e-05	0.99995136
1.8080096e-05	0.99996114	2.071988e-05
1.91226e-05	1.7490844e-05	0.9999634
1.5372405e-05	0.99996054	2.4068017e-05
9.200432e-06	0.0012840492	0.9987067
2.8432149e-05	0.99995506	1.6468688e-05
2.077902e-05	0.9999608	1.8470055e-05
1.0518235e-05	2.3506349e-05	0.999966
1.3418788e-05	0.9999181	6.845073e-05
1.0990471e-05	0.9999474	4.1641648e-05
7.5557477e-06	3.1045525e-05	0.9999614
1.9031017e-05	1.8435314e-05	0.99996257
1.6739263e-05	1.889194e-05	0.99996436
0.9999708	1.4917512e-05	1.4303763e-05
2.0050304e-05	0.99996114	1.8775456e-05
1.8894489e-05	0.9999572	2.382563e-05
4.784245e-05	0.99993837	1.3811424e-05
1.4320174e-05	0.99995875	2.6925714e-05
3.882049e-06	0.00025264372	0.9997435
8.915131e-06	2.6060083e-05	0.9999651
0.9999707	1.6766771e-05	1.2530969e-05
0.9997447	0.0002479754	7.279781e-06
2.8103459e-05	0.9999554	1.643907e-05
0.9999703	1.4250518e-05	1.5345457e-05
7.912974e-06	2.9590023e-05	0.99996245
2.0142694e-05	0.9999608	1.9124813e-05
9.357996e-06	2.5531286e-05	0.9999651
2.6084446e-05	0.99995637	1.7568209e-05
2.2291078e-05	0.9999597	1.7953096e-05
2.0164682e-05	0.9999579	2.1884529e-05
1.5414727e-05	1.930573e-05	0.9999653
3.032907e-05	0.9999546	1.5099243e-05
1.8100589e-05	0.9999609	2.0990523e-05
1.402224e-05	0.9999379	4.8053094e-05
1.5360927e-05	0.9999604	2.4235345e-05
1.5957621e-05	0.999961	2.2973956e-05
0.99817336	0.0018215796	5.0873896e-06
1.5952164e-05	0.9999604	2.3656465e-05
0.0055424096	0.9192558	0.075201795
0.99996746	2.052517e-05	1.209908e-05
1.796252e-05	1.9385952e-05	0.9999627
0.99996483	2.637174e-05	8.782539e-06
1.5435478e-05	0.9997285	0.0002560425
2.484633e-05	1.629456e-05	0.9999589
1.9928926e-05	0.99996114	1.8917734e-05
1.6453987e-05	1.8414345e-05	0.9999651
1.604852e-05	0.999961	2.294411e-05
9.290107e-06	2.6134236e-05	0.9999646
5.524733e-06	5.7549052e-05	0.99993694
2.5137397e-05	0.9999583	1.658775e-05
5.394865e-06	0.00035955277	0.999635
2.19405e-05	0.9999602	1.7870667e-05
1.3878219e-05	0.9999554	3.0773794e-05
1.7522696e-05	0.9999603	2.2178285e-05
0.52818877	0.47176322	4.8044727e-05
1.4108391e-05	1.9912459e-05	0.999966
1.95578e-05	0.99995995	2.0444586e-05
2.3871035e-05	0.99995947	1.6677945e-05
5.3456406e-06	8.083998e-05	0.9999138
3.0156853e-05	0.9999535	1.6324258e-05
1.6048303e-05	0.9999598	2.403866e-05
1.8295668e-05	0.9999615	2.030098e-05
9.618043e-06	2.5073456e-05	0.9999653
1.6514616e-05	1.8714742e-05	0.9999647
7.554126e-06	3.0184105e-05	0.9999622
1.0099783e-05	2.4360788e-05	0.99996555
4.043694e-06	0.00015313158	0.99984276
1.6551023e-05	0.999961	2.2452383e-05
7.066422e-06	0.0015369694	0.998456
1.5135577e-05	0.99916744	0.0008174763
1.2812461e-05	2.0987609e-05	0.99996614
5.8164815e-06	9.497066e-05	0.99989915
1.4917588e-05	0.9999597	2.544954e-05
6.9709636e-06	3.7581307e-05	0.9999554
1.0121602e-05	2.35762e-05	0.99996626
0.5293345	0.47049788	0.00016766603
0.9999709	1.4950483e-05	1.4235314e-05
1.5152539e-05	2.0056917e-05	0.99996483
1.6864467e-05	0.99996126	2.1885977e-05
1.2887901e-05	2.1092972e-05	0.999966
9.361567e-06	0.99927133	0.00071920257
0.99924564	0.0007489769	5.362337e-06
0.9999629	1.3180358e-05	2.3852595e-05
1.3468538e-05	2.0303418e-05	0.99996626
2.1586124e-05	0.9999598	1.8639965e-05
1.7263572e-05	0.99996126	2.1489084e-05
1.4697383e-05	1.9781488e-05	0.99996555
2.1206202e-05	0.9999603	1.8437171e-05
2.0492467e-05	0.9999608	1.8678347e-05
1.6751863e-05	0.99996054	2.2697543e-05
9.823017e-06	2.405725e-05	0.99996614
1.8913048e-05	0.9999614	1.9690724e-05
1.6909693e-05	1.8678218e-05	0.99996436
0.8913245	0.10864987	2.5571915e-05
1.5756998e-05	1.8961919e-05	0.9999653
6.732829e-06	3.540335e-05	0.9999579
0.99997115	1.6059215e-05	1.2780844e-05
3.8324188e-06	0.0008665212	0.9991297
0.99840975	1.6306178e-05	0.0015739638
0.9999633	2.878411e-05	8.037578e-06
9.118675e-06	2.6622602e-05	0.99996424
1.0140122e-05	2.4615378e-05	0.9999652
2.0430647e-05	0.9999608	1.8865981e-05
2.0791062e-05	1.6972066e-05	0.9999622
1.8191931e-05	1.7774872e-05	0.999964
2.0951858e-05	0.9999608	1.827961e-05
7.857547e-06	3.330455e-05	0.9999589
1.716698e-05	0.9999608	2.2024808e-05
0.99990773	8.409441e-05	8.15492e-06
2.5276076e-05	0.99995816	1.6549004e-05
4.332259e-06	8.228247e-05	0.99991333
1.1475575e-05	2.2569557e-05	0.9999659
1.7817207e-05	0.9999616	2.0660083e-05
2.0199901e-05	0.99996066	1.9147605e-05
4.2668675e-05	0.9965162	0.0034411035
8.912205e-06	0.9998447	0.00014635906
5.0933388e-05	0.9999349	1.4240232e-05
8.246792e-06	2.953577e-05	0.9999622
2.1576301e-05	0.99996054	1.7891512e-05
0.99996734	2.3466042e-05	9.213899e-06
1.7776794e-05	0.9999615	2.0709675e-05
1.7138538e-05	1.8850684e-05	0.999964
4.361104e-06	8.383483e-05	0.9999118
6.318886e-05	0.9999242	1.2691675e-05
1.8596958e-05	0.9999616	1.973709e-05
9.180462e-06	2.5626205e-05	0.9999652
1.7607028e-05	1.8925573e-05	0.9999635
8.3894765e-06	2.7369688e-05	0.99996424
1.9964917e-05	0.99996114	1.8939612e-05
1.7114702e-05	0.9999608	2.1994394e-05
1.6031952e-05	1.9189929e-05	0.99996483
1.9914183e-05	0.9999602	1.9954714e-05
1.6211343e-05	0.9999609	2.284335e-05
5.867525e-06	0.00028192863	0.99971217
5.9815115e-06	4.1557636e-05	0.99995244
1.2535838e-05	0.99995494	3.259177e-05
0.99996984	1.8340892e-05	1.185594e-05
2.1004576e-05	0.9999608	1.8209628e-05
2.4276296e-05	0.99995875	1.6961845e-05
1.531155e-05	0.9999604	2.4376e-05
3.406712e-05	0.99995065	1.5222282e-05
0.9999695	1.5946589e-05	1.4490209e-05
2.9724939e-05	1.5387806e-05	0.99995494
1.2594119e-05	2.2508983e-05	0.99996495
2.1113408e-05	0.9999598	1.9037449e-05
1.9044499e-05	0.99996114	1.980139e-05
2.0454088e-05	0.99996114	1.8365658e-05
4.2353645e-06	9.43227e-05	0.9999014
1.7166662e-05	0.9999585	2.429417e-05
1.2794403e-05	0.99990237	8.482977e-05
2.4483932e-05	0.9999591	1.6403063e-05
0.99997056	1.5589942e-05	1.3822041e-05
1.9350311e-05	0.99996114	1.951888e-05
8.1270055e-06	3.20445e-05	0.9999598
1.3083637e-05	2.1077965e-05	0.9999658
2.1238182e-05	0.9999603	1.8466206e-05
1.7989772e-05	0.9999616	2.0346995e-05
7.0857955e-06	0.0007586882	0.9992342
0.00019934947	0.54088414	0.4589165
1.0420037e-05	2.3041443e-05	0.9999665
0.99967754	0.00031627598	6.1412115e-06
1.3455375e-05	2.068314e-05	0.9999659
1.9215757e-05	0.9999603	2.0466481e-05
0.00076264364	2.3394197e-05	0.99921393
1.2063769e-05	0.9999515	3.651238e-05
5.13245e-06	4.9771483e-05	0.99994504
1.6833721e-05	0.99996173	2.1511196e-05
1.2675178e-05	2.0971307e-05	0.9999664
1.3881838e-05	2.0811538e-05	0.9999653
2.0339585e-05	0.99996066	1.8994373e-05
0.99996805	2.1328464e-05	1.056445e-05
1.6410759e-05	1.8962575e-05	0.9999646
1.4242592e-05	1.9661675e-05	0.99996614
1.29090895e-05	2.0479534e-05	0.9999666
2.1941414e-05	0.99995995	1.8151357e-05
1.2457132e-05	2.1371754e-05	0.99996614
1.971969e-05	0.99995315	2.7125696e-05
1.6506014e-05	0.9998586	0.00012489416
0.0001860401	0.83809924	0.16171476
3.275326e-05	1.5332786e-05	0.99995196
8.117435e-06	2.8843182e-05	0.99996305
1.1815958e-05	2.232002e-05	0.9999659
0.9999697	1.5486406e-05	1.47789515e-05
1.8661969e-05	0.9999609	2.0419197e-05
6.894416e-06	3.7696533e-05	0.9999554
1.2274142e-05	2.1161288e-05	0.9999666
1.9771896e-05	0.99996114	1.906187e-05
1.5302125e-05	0.9999578	2.6982267e-05
2.3004368e-05	1.663196e-05	0.9999603
2.400668e-05	0.99995804	1.8042767e-05
5.162729e-05	0.99993396	1.4367162e-05
2.2229227e-05	0.9999572	2.0645397e-05
2.348639e-05	0.9999596	1.6919741e-05
6.727958e-06	4.2850075e-05	0.9999504
1.3948457e-05	1.9597883e-05	0.9999665
6.0029615e-06	5.8204816e-05	0.99993575
3.9009698e-05	0.9999473	1.3677822e-05
9.393462e-06	2.6768239e-05	0.9999639
0.00019302743	0.99979585	1.1090814e-05
2.3190536e-05	1.68378e-05	0.99995995
7.3874453e-06	3.1161835e-05	0.9999615
1.5758398e-05	0.99995875	2.5519219e-05
4.49534e-06	0.00014215348	0.9998534
2.3310193e-05	0.9999585	1.8173087e-05
7.9038015e-05	0.9999025	1.8426806e-05
0.9999691	2.0941947e-05	9.870949e-06
6.9510625e-06	3.550711e-05	0.99995756
1.2862365e-05	2.0789463e-05	0.9999664
1.9864468e-05	0.99996114	1.8993876e-05
3.015042e-05	0.0062976596	0.99367213
0.9995308	0.00046393785	5.2519854e-06
1.5006931e-05	1.917034e-05	0.9999658
2.3661514e-05	0.99995923	1.7204795e-05
0.9992124	1.8755782e-05	0.00076888094
0.9992429	0.00058859173	0.0001685887
0.99996364	2.8011003e-05	8.316004e-06
1.33293815e-05	0.9999527	3.3963708e-05
1.3342501e-05	2.1107327e-05	0.99996555
9.759011e-06	2.4958228e-05	0.9999653
8.16948e-06	2.8221437e-05	0.99996364
5.1557813e-06	7.6626035e-05	0.9999182
1.8532119e-05	0.9999614	2.018166e-05
2.0199965e-05	0.9999609	1.8979566e-05
3.2657532e-05	1.570176e-05	0.9999516
2.5215048e-05	0.9999584	1.634281e-05
0.9999585	3.3952187e-05	7.5129883e-06
3.1631753e-05	0.99995136	1.7025672e-05
1.4152393e-05	2.0436764e-05	0.9999654
2.6932545e-05	0.99995685	1.620942e-05
8.738601e-06	2.7600649e-05	0.99996364
5.7670177e-06	4.28167e-05	0.99995136
1.0547017e-05	2.404056e-05	0.9999654
0.99997103	1.6720085e-05	1.22369465e-05
0.9999671	2.2981894e-05	9.94775e-06
