id	0	1	2
00005a3efe934a19adc0b69b05faeae7	0.999793	0.00019691138833333332	1.0120255333333334e-05
0009dc82c41341d794837271d4dbff5f	1.668520916666667e-05	0.9999598666666666	2.3456756333333335e-05
000f3763b6074588817c9ab90a22a814	1.7041479333333332e-05	0.9999604566666666	2.2479779000000004e-05
00117934dbe240068c95b6d04b08eea7	2.563766166666667e-05	0.9999500466666666	2.431583466666667e-05
0014cef5ccfa43b3a6b20162a03763fa	0.9765891066666667	0.0014396810253333335	0.02197122799033333
0015fb20dbd54d249a50559789f43c52	0.9999250133333334	6.222247566666667e-05	1.2717374166666667e-05
002a0b77fded4ae1abaa8ed9f2ad0824	0.9999626133333334	1.8290959666666666e-05	1.9107962499999998e-05
002c023ddb7343fdb8b3652ace2ded15	0.3340235183333334	0.621250605375	0.04472587076666667
002daa98e1b240679212a1b7a0402996	6.147421066666666e-06	2.3740954666666666e-05	0.9999701333333334
00305089bee5422ca2423176c448e91a	9.1151874e-06	1.0893481333333333e-05	0.9999799766666667
00326db52586478f80d3c23908b32c69	2.2413726e-05	0.9999589433333332	1.8664736e-05
0035484c19a94cbb96d9e552cfddf43d	1.05625062e-05	9.385508333333332e-06	0.9999800866666666
00369ae2c2d94f28a0912d6166e05ef3	7.809022833333334e-06	1.3587691833333334e-05	0.9999786166666667
004034b54f0340f7b3fa5265c5921ba2	1.0102267e-05	1.0442454e-05	0.9999794666666667
0046be86e6a14b30ae7aa09b5a61bace	0.054969998028000004	0.94494212	8.789603533333333e-05
005602f337e44d1f96afecc6c65b8a66	0.00013398957366666665	0.9998153333333333	5.066720633333333e-05
00562b5dfb8a4e4db3a958cd3488583a	0.3333451166763333	0.6666406715336667	1.4215905333333332e-05
0066cf2839b943689cc059e775be6ec4	1.4983320833333332e-05	0.99996018	2.4843729666666666e-05
006789970e694f82a62a72f85c16dc48	1.8881375e-05	0.9999637333333333	1.7424323e-05
0068ad4e79c140cfa9e2534415bb9134	1.1511148666666668e-05	9.263915e-06	0.9999792333333333
0073c20837eb406dbe4c497015e1ccea	2.6642169333333332e-05	0.9999583899999999	1.4928518900000003e-05
007da0014e584743b1ffbbddc4376520	1.3125623666666666e-05	0.9999519333333334	3.4909499e-05
008e5bbd2bc548e4bd0948f64cd881c3	1.0431789e-05	1.0613705500000001e-05	0.99997898
00902cb2409b4ea5a0cf3f43e53bb5bb	9.113509999999999e-06	1.0814511666666666e-05	0.9999800799999999
009bbefa36bf48c7b6f54423b9e16675	8.635403400000002e-06	1.0965432999999999e-05	0.9999803566666667
009f3de0b6e6485197526d6672d3b4d3	9.797925066666667e-06	1.0334999e-05	0.9999799
00a9e3be90544e748c117ff8e364369e	0.99989648	8.6293809e-05	1.7245464766666666e-05
00cca63aee8e4af5a60fbbfa9d3fbb68	1.8883853166666667e-05	0.9999502866666666	3.079016e-05
00e0421bb7e94477bc9eec08e5c4af65	1.2149776233333334e-05	9.465640833333332e-06	0.9999783999999999
00f3ff6192094cdbb0ba23cd0f443ebc	8.246280666666666e-06	1.2522598666666667e-05	0.9999792599999999
00f70776dd6c407a8c9e8924c0f7cdb9	2.5297149666666662e-05	0.9999383666666667	3.6387337666666664e-05
00fa4c4c1fac42a3ac758b02266dc97e	7.686168566666666e-06	1.7845273666666666e-05	0.9999744566666666
01050f001aa543f79544021a58578ffa	1.8231196166666663e-05	0.9999115	7.026113e-05
012e9533b8f544a8a36f24dcdc0df7ac	1.3807680333333333e-05	0.9999078999999998	7.8300887e-05
013714ba1e7b4c069bf18b5e9ad214fe	0.00017254475399999998	0.7071663233333333	0.29266111185533333
013b273f0512428d94b30c7256858ffc	9.785155333333334e-06	1.0058912333333334e-05	0.9999801266666667
013b4d9b68984824aea96b5e5d7cc140	0.7170318433333334	0.27858084666666666	0.004387310166666666
013d2f5b15bf4bcaa29239ef7b1c1d8e	3.235994166666667e-05	0.99995212	1.5476577333333334e-05
013ea9bac7354b11a792826d9f7cde6f	0.006322798003333332	0.03880215678466666	0.9548750500000001
014463a583a94fcfa61c3af185ad8d55	6.383135433333334e-06	1.6448570333333335e-05	0.9999771833333334
0144ad745448456b9099483a0956f3af	2.4054449666666665e-05	0.9999602733333334	1.5673203333333332e-05
01458ff5d3704ace8c4fd5b4716cbfcf	1.6142446266666665e-05	0.3333254489793333	0.6666584111923334
015353d2fefb4761bcc86af0b0866917	8.888784333333333e-06	1.0867116333333335e-05	0.9999802566666666
015bedbe1b4347618b6705f3e1c1c2a3	0.00012063553300000001	0.6611644423766666	0.33871493818000004
016120c239f547ea8881ab632ddd03bb	0.9999620433333334	1.6560310333333332e-05	2.1396441666666666e-05
01748ddc019c4e14b7476c9bf9b371d0	2.746320566666666e-05	0.9999538333333332	1.8687778333333334e-05
017e91d75654466e8d471653f84b1c79	1.5513491333333335e-05	0.9999590466666667	2.5467296333333335e-05
0191771b781d44d984954e214d5b062f	0.00011491216066666666	0.6677268118666667	0.33215833060000005
0191d6be2e8a402db2580d189b37feaf	8.863381166666667e-06	1.2238382333333333e-05	0.9999789
01a2558ca6724dd6b6a12bbf03c9404b	1.1468194333333335e-05	1.1932706e-05	0.9999765966666666
01a4a1b49b334171abfe6fa776e5e32a	3.746830466666667e-05	0.99993335	2.9187453999999995e-05
01ad9dc8231d44f5917eea31fac340ad	9.197236333333334e-06	1.2735950333333333e-05	0.9999780999999999
01c355a3dc924c9c95e2bc4b667dcdd4	8.299703333333334e-06	1.2462389666666667e-05	0.9999792166666667
01c36b12fbef44ab9fa6c7b24845085e	1.4854503833333334e-05	0.9999310966666667	5.406471466666666e-05
01c45e1e15b94dbeaefd915bd6c8fc22	2.51331645e-05	0.9999465566666667	2.8291021666666664e-05
01c8a2a3aac942c9a1ba41f0bf09593d	2.158808033333333e-05	0.9999630133333333	1.541935766666667e-05
01cbc0a92e604efb889be4a7df8ec594	0.0008670248173333332	0.9991131266666667	1.9860045e-05
01cf4f5ca5524bd69d86b13308688295	8.080945099999999e-06	1.28385125e-05	0.99997911
01d346d004d04e0a89a56027dcb05994	0.014945593850000003	0.98502709	2.729103066666667e-05
01e0b7945b6f42658a871bb9b902796a	1.07698529e-05	9.501750666666666e-06	0.9999797300000001
01ec4a8071104d41840b8352a1b2ee70	0.3333926300516667	0.6665968988686667	1.0464782666666667e-05
01f069fcebdd44afbae4a3734fa69190	1.7596129e-05	0.9998780133333334	0.00010438082433333335
01f59c1a722441a2a81f4e87090a99e6	0.0029789227306666667	0.9969867266666667	3.433638e-05
01f9ee66df4b41bf97b3dd2e7468a652	1.6350265666666665e-05	0.9999640133333333	1.9671592666666664e-05
01faf6cc4f4e4b809263f7a10fee3d59	6.7088185e-05	0.9999181766666667	1.4764290999999999e-05
01fdb4f03ca9438881642ad90b4b5628	1.932861033333333e-05	0.9999560500000001	2.4655103e-05
020f1d0fbbf64fa5a52b517f208a372d	3.674354166666667e-05	0.9999485	1.4699074333333333e-05
020ff14f386645aaa1abb6e78cbca454	2.2200141666666666e-05	0.9999606533333334	1.71173265e-05
0213aa08bc6a45ab8a50422c971c3a95	8.587395666666666e-06	1.1842655333333333e-05	0.9999795433333333
021b50be5c714739a4d5ac46567c03f2	0.6666879584033333	0.33330409669266664	7.887874566666666e-06
022de0bf63ec45c4b5b49d728fa219e2	0.99995025	3.865237533333333e-05	1.10676954e-05
02504994ac784bf789c8a837c145e612	7.608506133333333e-06	1.2861685e-05	0.9999795499999999
0257970807c740988cc460ddfb1a24c4	9.996461833333334e-06	1.0391778666666669e-05	0.9999795699999999
02582800c9f9412896533116c3d24bec	8.9925468e-06	1.4903579e-05	0.9999761166666667
0259a4df7d7a4c80a12a259f9618f1c7	8.931625833333332e-06	1.2630856000000001e-05	0.9999784733333333
025ce723f6d14428b938cd8e626eea2b	1.0179791666666667e-05	1.1257925e-05	0.9999785333333334
02633da1f54e4ef6989b9d0ed6a197f0	4.811413566666666e-05	0.9999293533333334	2.2530081666666664e-05
026928bb2e5f4e1391fe7965ce949ebf	0.3341620952916667	0.665810654094	2.7253731999999997e-05
0269bd5f896e414885745a65497fc85f	1.3626531333333332e-05	0.9997365	0.000249915284
026a9daf8389440e9d2703622bcde8e7	8.187963966666667e-06	1.9833386666666667e-05	0.9999719766666667
0274e480a84a4e10a3c4664b814474dc	8.922424333333335e-06	1.1159808833333332e-05	0.9999799400000001
0275f2df2e724bdab43c836309458992	2.2357186666666668e-05	0.9999510800000001	2.6552336166666663e-05
02777c458f37456eb044aee338527659	6.150689333333332e-05	0.9999100733333334	2.8431923e-05
027da5daf229409dbb4f2530f050b0d7	0.33337436035166673	0.6666077832693333	1.7832540433333337e-05
02966f301b034d609497ac60601880b4	2.0040432666666666e-05	0.9999606566666667	1.9298353666666666e-05
02a133b741094341a5facb231bb94437	1.0301275766666667e-05	1.0069006666666669e-05	0.9999796499999999
02a264f3076e4079904ab4391df3690e	1.5646263000000002e-05	0.9999355100000001	4.883922833333334e-05
02a2f7e7236c494fb24a8161cbc6d8d2	8.826273933333333e-06	1.1271801166666667e-05	0.99997991
02af201cde4d4c62b7b28e3f54bb8d17	0.9999645200000001	1.8539037333333334e-05	1.6926856666666668e-05
02b9d533879947a5a1b855092b763b66	6.490056566666666e-06	1.6023608666666665e-05	0.99997751
02c35b9a4a724bf992b171107acb8388	1.9813852333333332e-05	0.99995847	2.1708336833333337e-05
02cec51cb968463a98845a6dfbdeacf5	6.828024800000001e-06	3.94449375e-05	0.9999537000000002
02ee82f4e9bb49a0b87361dcff6fb1d0	0.30602644338	0.69393074	4.2751917666666666e-05
02f22388bb324f088bab36433abd008a	1.29688185e-05	1.0829903e-05	0.9999762
02f2431c7f9f4acb91407c7df33c199d	3.4902402e-05	0.99994155	2.3536830166666665e-05
02fcab7c883d4a5f888e8906b6cf1c4a	1.35227455e-05	1.0737225833333334e-05	0.9999757200000001
03073ff3f9784af59a8843e35ad83f5c	0.9965337466666667	0.0034562871966666666	9.932892733333334e-06
03083e7bc95b44e5b73232ed73f9d117	1.9036276e-05	0.9998410966666667	0.00013985629533333333
030b1eb99b5d4a85883b6004ac2240e6	8.884425333333334e-06	1.1418876666666667e-05	0.9999797033333334
0339573530ed40898b95cfa0cea30989	1.9337491666666667e-05	0.9999604300000001	2.0219603666666666e-05
033f3c91e0b64e3fb893de15fd2def15	0.9999599666666666	1.90605995e-05	2.0964483666666665e-05
033fd8e66f7241968dbd6e90b59f7be6	8.141565966666667e-06	1.2076017666666665e-05	0.9999797666666667
0346601976574857b137c8ab05d91cfb	1.650517266666667e-05	0.99995858	2.4942249666666663e-05
034b48ee51c1438ea6420a889e0380ff	1.2074466666666668e-05	0.6666625400866666	0.3333254038946667
03837c890e7f4cc593835d4456833c60	7.892096499999999e-06	1.2089852999999999e-05	0.9999800233333334
038a94e373ee474ba6e9c8c78fa2dcb3	0.9999575466666667	2.4573402e-05	1.7908809266666668e-05
03979c2eeaa64b029601abbab45445a8	0.9999553666666667	3.2423433e-05	1.2179259966666668e-05
03b9bda4ee794617a2560b58987af79c	0.9999613833333333	1.7626832333333333e-05	2.0990160333333335e-05
03be3376848c41cc83e0ce417031ca8f	1.5871947666666668e-05	0.9999396866666667	4.4432308666666666e-05
03c3cc9184534394b8a103fff8d4beb6	0.0002815897056666667	0.9996956666666668	2.2794405333333333e-05
03c7943970624c23ae6ea40c500304ee	1.8163684e-05	0.9999603033333333	2.1475956333333335e-05
03c905e774674216aa16b7dba1593f13	0.9999254933333334	2.5846749999999998e-05	4.8678449e-05
03ccdf87cb244bfeacfca0fba7f0591d	0.6559990244666666	2.655426266666667e-05	0.34397440399999996
03ceb007b67841cf829ea7561b6c4f4c	1.7395328333333332e-05	0.9999615199999999	2.1075546666666667e-05
03d7b68202b4453a8656bed825601e86	8.317464466666667e-06	1.1842032166666667e-05	0.9999798133333333
03d8c2226d3a47a797502ed2303e70e4	2.3576152666666668e-05	0.9999612166666667	1.5225112666666668e-05
03da7322b818416dbaa8508ac32d8f13	0.9999593533333333	1.893018e-05	2.1718282e-05
03e637391a794cda86ec1a3572c8add0	0.0006701927363333333	0.99930723	2.258772233333333e-05
040c9f8433b740149493ad4d9ba0bcdd	2.1052050666666667e-05	9.573559833333333e-06	0.9999693666666668
040d1c5845444b43be4f6d3160019f8b	1.5569149e-05	0.9999519266666667	3.248334833333333e-05
041afc69ac2947998171679ff9a72180	1.8872128e-05	0.9999627333333333	1.8377301666666667e-05
041f5087c16c4cd682d35fa49e812f48	1.0056279533333335e-05	1.0389200666666667e-05	0.9999795733333333
042a5cf08dc64399a51131b0d253fc8b	2.4988144000000003e-05	0.9999566533333333	1.834324566666667e-05
042e164087d841268ba91b18e3d39acc	2.2544200333333333e-05	0.9999398366666666	3.7593719333333334e-05
043e9b6e77ab49369316eeeddaeabfdf	3.2000821e-05	0.9999458766666667	2.2202699666666664e-05
044631361bb246238a8e4bd1ec53a4bd	1.7078072999999998e-05	0.9999591100000002	2.3843595e-05
044a875c8c0e4488a9a189bf9f05b99c	8.9804315e-06	1.1045817666666666e-05	0.99997998
044b8f455e9b41149e6a3e22dc5f5f2d	1.7137683166666665e-05	0.99995998	2.2875448666666662e-05
044e5fa8292a4111bd64b1e35f2acfbe	8.343850733333334e-06	1.1758826833333332e-05	0.9999798900000001
0459bd79e07940189e61502479095eb6	1.8379101333333334e-05	0.9999590700000001	2.2549818666666664e-05
04635b6e59954f2784e6c9c0f103b432	2.4162818333333334e-05	0.9999589666666666	1.6904791333333333e-05
046f58eda27c4bc29331a21f9d7f1af0	6.173952333333333e-06	1.8085989333333332e-05	0.9999757533333334
04711702774e4599b9b3cb94876a8e31	2.163100666666667e-05	3.194239133333333e-05	0.99994642
047677685e734033b0e5860ada4ef89c	2.1080314333333334e-05	0.9999528666666668	2.6035890333333335e-05
047a0d21bf96454fa65476050a63757e	3.108869433333333e-05	0.9998944666666666	7.444305666666667e-05
048b84206b3a43c7a80beada76de0de6	1.4976324e-05	0.9999631	2.192891266666667e-05
048d98e863a34806ad7b0c196a06026a	1.6160818000000002e-05	0.9998128433333333	0.000170981902
049814663ddb4c1c921113eb050b2ea1	1.9345676e-05	0.03266524007133333	0.9673153933333333
049920d6385f4dcf9f5dadc3abad2cbb	9.386934999999999e-06	1.4292469000000001e-05	0.9999763533333333
04bec2c3a7524c508a468cb0313a1255	1.7554046666666667e-05	0.9999239766666667	5.848301466666666e-05
04c2c842a2ad4eb4b3b27f574e38eec7	2.0293892e-05	0.9988162033333333	0.001163446888
04cf46d55ddb4f1c909f677ab05d0e76	0.5205116718333334	0.4793829213333334	0.00010544853666666668
04cf6dc22937498888dc0983b1a987ca	0.9944544	0.005367454401	0.00017815181133333332
04dc41c7d9a24f2a88da2b5efab6dd23	0.6672255137333334	0.332758176458	1.6283321999999997e-05
04dea4e482ae4134b226fb89ecb43b3d	1.2496036333333334e-05	9.797555206666666e-05	0.99988951
04e81d9bd71944c6be4aee65509ec21f	7.018504333333334e-06	2.667737766666667e-05	0.9999663133333333
04ff36f8a29d482c82bb67e9656ad3b2	7.620051066666667e-06	1.551060266666667e-05	0.9999768666666666
050603cf07124d65901faa6ad536fd3e	0.8340152200000001	0.16595580765833334	2.8955270333333335e-05
050a58740e504135ad534088f7e52ffe	9.639489666666666e-06	1.0202341000000001e-05	0.9999801666666667
05276783b7f84230b7337b65caa23aa6	5.516714966666666e-05	0.9999303433333333	1.4469254333333333e-05
05383f944d7e49aabddfff5532acdbfe	9.404625900000001e-06	0.00040869243033333336	0.99958189
053b09bfb4534d4bbbc7756f68490e46	1.3834980333333332e-05	8.530491166666666e-06	0.9999776233333334
053ba94cdb2e48458d8070e303ccdc1e	0.9999622433333334	2.2638157000000002e-05	1.5098651166666668e-05
053c6f0ee2324f53a522b8716732776e	7.630546e-06	1.2737031666666666e-05	0.9999796200000001
0554d6ae8749408aba34cd0f52b0595c	9.032232066666667e-06	1.0946485666666668e-05	0.9999800166666667
05618399ade44ae2b7f04f7c47cb572b	1.2109304333333335e-05	9.340057e-06	0.99997859
056597696e6d478ea8508d1f35c0df4e	0.9999629333333334	1.737904266666667e-05	1.9661721e-05
0572b82d8f454c7182b3a04903026e33	1.0397828866666665e-05	9.469173666666666e-06	0.9999801
0575825dd6a8466b9c676dcbfd0ce210	1.9239291666666666e-05	0.9999577333333334	2.3010450666666665e-05
0577fcea327d4562b5ddd213f99caf59	1.0265625e-05	1.0069781e-05	0.9999797033333332
057d9cb08b184f41bd931597f429a599	1.7129244666666665e-05	0.9999507333333334	3.217019966666667e-05
0583ff93f1d34d54a80cb0d452df462e	3.458563933333333e-05	0.17563587660933333	0.8243295233333333
05942fd2a2f24a0ea08e76858245cb76	0.33234906291866667	0.6672708635999999	0.000380072859
05a781afcd464c0ea12ba4e1d3c4ba2d	9.113921700000001e-06	1.0895833333333333e-05	0.9999800133333334
05b846c3c30547f186e1b06c9bd3c358	4.7707242000000005e-06	0.0001498683725	0.9998453333333334
05ca412a196d45c3a7cd972eae576aa8	0.9994976133333333	0.000490837228	1.1564131900000001e-05
05cc31ed60df4a06ab2c62079aa27550	2.045233266666667e-05	0.9999603499999999	1.9208586666666666e-05
05cdb1517244402480174294ee923625	0.5273050301666667	0.4725516372133334	0.00014331819683333335
05d6391134e8498697060afabc17bae3	1.6178649333333335e-05	0.9999634533333334	2.0356391333333336e-05
05dc8291ef9d4b0caf2ba35ae3a298a2	1.6433671999999998e-05	0.9999652666666666	1.8252547333333334e-05
05e7f63e71ef4b228c84963a5e055968	3.0059279e-05	0.9999558566666668	1.4064207666666667e-05
05fd1ffd9cc24593a80d16ab4fbdff4f	7.506411733333333e-06	1.810282e-05	0.9999744
05ff541be86d4ca9b94de7c257c68519	0.9998455233333333	0.000147297564	7.156710166666667e-06
0600a4ad47b84bd98efc0bc4b8fea6f6	2.0637142999999997e-05	0.9999599166666666	1.9432670000000002e-05
060c47446fb143c4a3ddf8c30e3618fa	1.8870150666666667e-05	0.9999638333333335	1.7279875000000002e-05
060d990119104f4f9143032817e0ecc5	7.960453333333334e-06	0.0002913197325	0.9997007166666666
061cf2efe2234be3a9a166d0fba2ca5c	2.3207825666666666e-05	0.6566954591043332	0.34328138283333337
0637ec956496424db4c854118f432ab4	9.303201233333334e-06	1.0201152333333333e-05	0.99998054
063c3c42b0274e6d8d65df3ffbf9eb08	2.4174262e-05	0.9843289766666667	0.015646804718333334
0647f06275b7488aa9b1943a01fae292	1.0613904666666667e-05	1.1429785666666669e-05	0.9999779533333334
064f796e3ef74c2aa7fe7260db557741	1.1168320333333332e-05	9.646598999999999e-06	0.99997918
0650aa58e85342d587de994a7f9275ec	8.5249541e-06	1.2560603333333334e-05	0.9999789099999999
06571756b9064a55ba27af25402a28c9	8.378593766666667e-06	1.9028396666666668e-05	0.9999725866666668
0674b78162e144b2b232bed73efc1752	6.912670666666667e-06	1.7144194333333334e-05	0.9999759666666668
06800a686a0748c39f290972bb2203bb	8.834097866666667e-06	1.0709106500000002e-05	0.9999804500000001
0683fade059f4e8889d078cdd22b1d16	9.298843433333334e-06	1.05207875e-05	0.9999801733333333
068c1c456a50497d8224276ef30ae08f	2.0260990166666666e-05	0.9999520733333332	2.758860733333333e-05
069b64991c99459397dc5519e91c774e	1.8193025333333335e-05	0.99991889	6.285625433333332e-05
06aed1f2e18d40889a56ebcab804e335	2.7541267666666666e-05	0.9999550466666666	1.7393807e-05
06b077c67d9f47bd9f498c41911c8e56	5.468014666666667e-05	0.9999286766666667	1.6616020333333333e-05
06bb88a88eaa4d2ba2f7f920ca1573d1	8.532458666666666e-06	1.3440864333333335e-05	0.9999779866666666
06bd415f560a44c49ad18f8ce0fb6288	2.5015720333333333e-05	0.9999159233333333	5.9083166333333334e-05
06bf1f593c98479e8306961435baa5de	1.0351645999999998e-05	9.908480333333335e-06	0.9999797300000001
06c4af46b3244881802830ac2f63fe48	2.3803243833333338e-05	0.6625505330066667	0.33742565509000005
06ca937be71a41a2948439da7cbb0e93	1.7135116000000002e-05	0.9999526666666666	3.0191144e-05
06ce434411534954a277c497a84fb836	9.815297333333334e-06	9.935853e-06	0.99998025
06cfe672a56241beaabb9ae10ce66368	1.5731308e-05	0.9999595766666666	2.4666437e-05
06e30cc712c94fb484ed2c7ffe2c8de8	9.846509333333334e-06	1.1391477833333334e-05	0.9999787366666667
06e864489c0248a3a017c9371613e381	1.7181680333333334e-05	0.9999249133333333	5.793081566666667e-05
06eebcaedea84ea0bf990bcaa0351e4c	2.0505654e-05	0.9999625499999999	1.6932418333333333e-05
06f181ddf8fb4bfdafccc07265634d8f	0.9999227866666667	6.5460418e-05	1.1711607466666667e-05
0705219f5aa24743833b80396fd9eea0	9.127428e-06	1.1200960833333335e-05	0.9999796933333333
070c649bcf8f4c179a1173762d18803e	9.8265614e-06	5.830120133333333e-05	0.9999318433333334
0710e5d05d6e4601842b145b8c7b066b	6.237475399999999e-05	0.9999172999999999	2.0278337666666666e-05
0714a4463f344a3aa4464fb0359d4976	2.4932171666666665e-05	0.99995652	1.8570475666666666e-05
071cf5afd6374e7ca723b3e305490c15	1.0357396833333334e-05	2.2803711999999996e-05	0.9999668666666667
07264862af7b49ee8037a5233a597dd5	1.5248473666666667e-05	0.99994438	4.039758633333333e-05
072fb8d95b744d83941220521cb341a8	0.9999606600000001	1.7514008333333337e-05	2.180112023333333e-05
07364b3117e94ffb89d3ca498c5581d6	7.683510333333334e-06	1.2651906666666668e-05	0.9999796566666667
073a037d5dd74abdb9386ae62ecc81a0	8.078087466666666e-06	1.2888173666666667e-05	0.9999790466666667
073dd5abca904b8f832f3d728d368721	1.4580032166666667e-05	0.9998574133333333	0.000128026557
0752cfd8e0fa4cbab47c03bbf8cd987e	1.8338566e-05	0.99995995	2.1675083333333332e-05
075bf3a12d3e4d42be927e5d873a326f	0.44922619158666666	0.5507451402413334	2.8689368666666666e-05
07730b51d95b42a1bd392202e0738b49	1.8294915333333334e-05	0.9999466699999999	3.5018827e-05
0781432f4e884dfd93589ea9f675395c	0.6665755239400001	0.3334164467846667	8.025295166666667e-06
0782e08593a74264a84d340180b98634	9.894800666666667e-06	1.1440056166666667e-05	0.9999786666666667
0783666c7ab44bf39f974d7be9f3c39f	2.6488356499999996e-05	0.9999424533333334	3.1086314333333336e-05
078874a3882b438bbadec3b5c344be9d	6.685293166666668e-06	2.0905439333333335e-05	0.9999724233333334
07ad7aa6935f48438825d2839b1013ff	3.2767206333333326e-05	0.9999465166666667	2.0708984466666667e-05
07b77272bbc5425db315f573748f83a4	6.5306756000000004e-06	1.6946484666666667e-05	0.9999765166666666
07c136d840ee4c8fb3ede2e19dc4c82d	9.775220666666667e-06	1.0401722666666667e-05	0.9999798433333335
07c23c7ffa0e4149837fafc2c520f3b7	2.8288882999999996e-05	0.9999539166666667	1.7819179333333336e-05
07c8c1dbccda4a00bd3f37a186437773	1.9343790333333335e-05	0.9999619166666666	1.8698241333333335e-05
07ca5658487948f0b3d060728271a077	1.3091024e-05	1.4259255333333334e-05	0.9999726600000001
07e1a33a224148b2825a8b3b864ae099	1.9526880999999996e-05	0.9999584199999999	2.1974239333333334e-05
07e43138179e46f8b2e9be60430bf5fe	2.283820633333333e-05	0.9999332333333332	4.3912344e-05
07ef86fa9bd348fea4e172bee55b4f29	1.7518696333333334e-05	0.9999621666666667	2.029482833333333e-05
080287e4016049ac94cb94dcba6765cf	1.4581475133333332e-05	0.019113407890333334	0.9808719866666668
0804bff5731542bc8ef85edaf9abcf0f	9.255221000000002e-06	1.0709965833333335e-05	0.9999800566666667
08258ab7e9d44db3b7f62c14956e280f	8.886292166666668e-05	0.9998973866666668	1.3818122833333335e-05
08291bdc2d8842fa9c6394e674e793c6	1.5535897666666666e-05	0.99995682	2.7671268333333336e-05
083f7ade2ba649e78831d2e23a195220	5.2003571e-05	0.9999188666666666	2.9118396e-05
0847e86ed8464a60a870cc3ad6158614	1.8239409e-05	0.99996333	1.8419305333333335e-05
084c13554393480f92a733a26437f39e	2.7727919e-05	0.9999529133333334	1.9357356466666668e-05
08592bc7fc9743c0ad117f52de6e5ed6	1.5997758333333333e-05	0.9999590399999999	2.5008436333333334e-05
0860777d8aa74156ab57da4af87d8fbe	0.6611922126166667	0.33877390523333334	3.386466616666666e-05
0885857a58d04d25980d6b565950cfc1	7.550670999999999e-06	1.3576805333333334e-05	0.9999788666666666
0888622b4ba34c019589a1c10bd509db	1.5661518166666667e-05	0.9999472333333332	3.7126661000000005e-05
0890751b1f4546a0a7d11f0f4b53ba3d	2.739688633333333e-05	0.6897553033333333	0.31021728702233337
0896de0a654f4c94aa64434518d371f1	0.3295006902216667	0.6704802323333333	1.9106956666666664e-05
089850462b1b42eca1c88bf7ec6b5646	1.9651209e-05	0.9999601	2.0261077000000002e-05
089cab476018436682822221e6babd02	2.0614998e-05	0.9999574866666667	2.1874558666666667e-05
08a0e180c678451fb267edf4b32ad07e	2.02237711e-05	0.333358903049	0.6666208438013334
08acd04b9a094815b0b0e1b556bbb91a	2.0370086333333338e-05	0.99962265	0.0003570053936666667
08b6a6d9ee6d4a5e8e86170d8b1fcfaa	1.10095835e-05	0.00048347071766666666	0.9995055433333334
08bfff09b754487f8b926a142c335da8	0.327262053219	0.6727214546666667	1.6456945666666668e-05
08cdf5393b0d4cceb6b490c6ff5e2c72	2.5780234e-05	0.9999439400000001	3.02708215e-05
08d7f1eeb17a45319fc5d97de37310f8	1.7508608666666665e-05	0.9999618333333332	2.0626050000000002e-05
08dea39402cb4a8194de40bbd6708c95	0.9999444533333334	4.280216666666667e-05	1.2760220666666668e-05
08ee99616ac14ba2989a8c764fdd6eaa	2.0170032e-05	0.6624106880316667	0.3375691631466667
09017e2d12814bb3bc22d4099a66abfb	0.9999609	2.2005320000000002e-05	1.7109500533333332e-05
09087a0deee4446fbe8cad19a0c9ea2a	3.21488345e-05	0.999945	2.2884661666666668e-05
09158e1d5085493fa40bdd2783ed417b	9.940379566666666e-06	1.2131343e-05	0.99997795
0921d03e9a65406cb6e581897cb4d27f	1.5975049666666666e-05	0.9999630833333333	2.0932553166666666e-05
092f6d21fe564b5a86da7c47e9b8d48f	8.855099333333335e-06	1.1584000000000001e-05	0.9999795666666667
093f36a2407649ae8088d81c23379697	5.286443733333333e-05	0.9978032533333333	0.0021439155256666666
0949cdfcf4484869952c60bd05b79850	0.0016675639283333333	0.9983128066666667	1.9619601100000002e-05
0955b949a6cc46409f5ba6427a5457d5	0.00022258418666666667	0.9997532000000001	2.418004233333333e-05
095fd2f12a53410fb23a26b758030eef	1.1434299366666667e-05	9.462939999999998e-06	0.9999791466666667
09657943b842450295af7526e636b985	1.7011178999999997e-05	1.0261358666666668e-05	0.9999727466666667
096e45062bd5478b974baf3771c157d4	1.3594409466666668e-05	0.9999512166666668	3.519175066666667e-05
0978e128b022472d8f6650743a45abaa	2.2480926333333334e-05	0.333202691636	0.6667748152066668
0985608df5c248dc95b9e1293bfd7eea	0.9999404066666666	5.114626466666667e-05	8.4698802e-06
098691b7293f4400925f80ab54d94989	9.617603766666667e-06	1.0301929833333333e-05	0.9999801
098ee07e78fe40bb9b5951ad35a4a2eb	6.913810350000001e-05	0.5049024061333333	0.4950284443013333
0992ed54662545a29892e116711f097a	0.9999459566666666	2.175611133333333e-05	3.23138822e-05
09b7236b6bb245c696f4c87aacb0a62d	0.6665363342973333	0.333434239602	2.9439241233333328e-05
09bf7e3fadd846358e5b2d577e8865a0	9.689239233333334e-06	1.0247683999999998e-05	0.9999800499999999
09c0897b180f4aa2a06663f72c4986d0	6.9678298e-06	1.4082634333333334e-05	0.9999789333333333
09c3235d0339445e8e36539a1f1f212b	0.99991918	7.095650000000001e-05	9.860175166666666e-06
09c6ffa606984582b6ee039dffd0ce47	1.1541262466666668e-05	0.6666176260876667	0.333370819093
09ca0092a24447a79db98c6a1a2f21c1	9.445207e-06	1.0511598333333334e-05	0.9999800600000001
09d4856e7e674f4098e6c8d1621a1953	3.0133898333333334e-05	0.9999547033333333	1.5157205333333335e-05
09db1df05be54d6aa59ce82fc15db3b6	0.9999584	2.1013949333333333e-05	2.0597513333333336e-05
09e0100aef304a708d8fb12f4a1c1f83	1.0614374333333332e-05	1.0059405333333332e-05	0.9999793766666668
09f1bffead09412c894f8d5cec7112b6	2.927122633333333e-05	0.17620848243433332	0.8237622266666668
0a041d3ee0f340c9b8dd1ae0c2e18a1a	1.9407899666666668e-05	0.6179232545000001	0.38205735269999996
0a0e6f1871bb4cb6a5a69daa12540723	5.284440933333333e-06	0.00050545331	0.9994892700000001
0a144fa0bf4b4a14ba0909b25105fdeb	1.5926003666666667e-05	0.9999513700000001	3.2716006333333336e-05
0a17febc09df492b82057e5a38c74b72	8.967496166666668e-05	0.9998634066666666	4.691418833333333e-05
0a18104bc2fe466ebc4e5aa49012b8e7	1.2812182333333335e-05	8.949062333333333e-06	0.99997822
0a34814169d64bc3855872b9c24dffd9	2.306070366666667e-05	0.99996132	1.5623840333333334e-05
0a469948c59f4027a9742c4e64f84367	1.61249335e-05	0.9999604999999999	2.3431801333333334e-05
0a4833ab66354f8ba2ea6792fa3ceac2	1.553041e-05	0.99996032	2.4187785333333335e-05
0a499345044d42a6b8d52dc7db200d48	8.563873833333333e-06	1.1213569e-05	0.9999802033333333
0a4c0f9320cd4e1a8d4037783bff7bd7	7.282297533333334e-06	1.9057844000000003e-05	0.9999736866666668
0a51e3107249445aa528081190989152	1.1230194533333331e-05	9.352068e-06	0.99997941
0a5fee149c56408c957b24094cafb387	5.994428766666666e-06	3.9881814e-05	0.9999541133333333
0a6927a09e5a478e891d2d64c9b2d3b9	7.838880033333332e-06	1.2621167833333333e-05	0.9999795333333333
0a72af8ff8544373820ea59d3aa77b93	1.0678865999999999e-05	9.698029333333333e-06	0.9999796166666667
0a82d73283c2491ba86d6a25bb7543b3	1.03276332e-05	9.788667333333333e-06	0.9999798933333333
0a84c7d47de6440581e6d201caf711a1	8.6742491e-06	1.1806374666666666e-05	0.99997949
0a91599073de4f94b2f8f5bd1b657719	3.9010676000000003e-05	0.9999346733333333	2.6310731666666673e-05
0a99532a1ba14786a35401e76c81fc61	0.7110821066666667	0.28853554259666664	0.00038235919733333335
0a9ab914276446d3b8859584dc77291e	0.9999583966666666	2.1340817999999997e-05	2.0273594e-05
0aaa7a4f35c841f09679dfd271c37641	9.470839e-06	1.0454780666666667e-05	0.9999800833333333
0aaa8a004b4643f9ac5ef5ff77d23179	5.8568254e-06	3.044648433333333e-05	0.99996368
0aaf52e3d13c4dfca34be5c47ab201bd	1.6901547e-05	0.99996122	2.1850872333333334e-05
0ab417ab67d94a8eb7bb2ea35b9f5654	7.7839315e-06	1.2210797e-05	0.9999799666666666
0ab43af595f74d549a5764f4c81e13bf	9.068251933333333e-06	1.0567281833333332e-05	0.99998037
0abb7f03a35e4df4a6e5eb4f76ee2bb1	6.933754933333334e-06	3.701082833333333e-05	0.9999560433333333
0abfa5a790e34e7d9082a3b27dd6256d	2.3533302000000003e-05	0.9999605033333333	1.5940904333333333e-05
0ac2d0acb7124e91ba8698c4553a6519	2.1472513666666667e-05	0.9999547833333334	2.3777286333333335e-05
0ac85913ca304c5784af18d6aa45ec59	7.951990333333334e-06	1.6191894e-05	0.9999758666666666
0acb45da66224bb48fbd1bc69d5abc0d	0.0017798863746666669	0.9981436366666667	7.652171033333334e-05
0ad7fcfc71b44a65b88cf78f3c2d2b53	2.9208228666666665e-05	0.9999443233333333	2.6465671e-05
0ae3416a281649b38f1c599efcc16561	8.281142466666667e-06	1.4033101666666663e-05	0.9999776766666667
0ae55ac3c6ef40ee8565c17bd344b355	8.8102572e-06	1.1204391000000001e-05	0.9999799833333333
0af3fb7bcbc64a518c82a09c0e8c41bf	1.1128386666666666e-05	9.708008e-06	0.9999791399999999
0afbb07f6b3f4d65a893d1f9555e5667	1.4676845766666664e-05	1.0231955333333333e-05	0.99997509
0b07c21f37694079b97b1b926cd5d162	1.9339431666666668e-05	0.9999588733333334	2.1808238666666666e-05
0b10320248704cdfa5ed887a6fd35f34	0.00010772293166666665	0.3206367454466667	0.6792555456666666
0b142925a75f4a5d8cf4cfbc82f0271f	2.0276047333333335e-05	0.9999600833333333	1.9666979e-05
0b1a488ae37841b2a04fa208d2549158	0.012921460160333333	0.9870427466666666	3.5730658666666665e-05
0b1d87ebb01a447097a0d3034430292d	1.7119301166666665e-05	0.9999555833333332	2.7326366e-05
0b23d2ef7cfa4f679b867cc36b2e7261	1.1196003333333336e-05	9.585417e-06	0.9999792333333333
0b2fdd00b43141819e257af0ac56d121	9.619894999999999e-06	4.3487831e-05	0.99994689
0b38fdda421248c7bcc35d7eeb751200	9.661710166666667e-06	1.2317794000000001e-05	0.9999780166666667
0b3c8d796dbf4bab940659676ca3e475	1.8465837333333333e-05	0.9999582033333333	2.335379733333333e-05
0b3f7bd3cbaf41e5b506599c12d7586a	1.6754450333333333e-05	0.0009256309106666667	0.9990575933333332
0b40dcc4c52748a098e41865afdfb6ec	9.019255833333333e-06	1.0611798999999998e-05	0.9999803666666668
0b455740fc1f467bbb12623ed6fb5c80	1.7167164666666665e-05	0.9999638900000001	1.8932333000000002e-05
0b48c2e877424cf59fcebabea6687027	2.1803346666666664e-05	0.99995172	2.6482765333333334e-05
0b49b10858cd429b8d9a49fcd3bab63e	2.238996966666667e-05	0.9999614666666666	1.6178139333333333e-05
0b68891b2ee44ca295df6fbd8c6ef72b	2.1203954666666666e-05	0.9999641966666667	1.4602030333333334e-05
0b815662759144189f84c6c8ddb3e1c2	2.518538666666667e-05	0.8130646566666667	0.18691013631800002
0b83b7a35f2f446ea0b5deab65f58cea	1.6517150666666664e-05	0.9999531966666667	3.0293427e-05
0b96ec1c64e640ada07488aab8910349	0.99995898	2.8480700666666666e-05	1.2552807166666667e-05
0ba10a7c27f14e6a8ce07a630463d56d	1.6338575999999997e-05	0.9999597100000001	2.395350233333334e-05
0ba29a35d9e44750b049365f1cb47b35	2.3325116e-05	0.99995578	2.085435233333333e-05
0bc61ffacf4b42ccbbbdad8860051a91	1.644166666666667e-05	0.9999629333333334	2.0634496666666666e-05
0bc89f39de06461ca6cd3097bdfc8eb3	1.1659125e-05	1.0144981666666666e-05	0.9999782333333332
0bcd4893c53a480e81e1e567893f49e9	2.748712666666666e-05	0.99995236	2.0092154666666668e-05
0bdd834faec74108872bba025133b2f2	2.6345024666666668e-05	0.99995601	1.760886166666667e-05
0be5b38ae8b842e6bba8007095144a42	9.337157e-06	1.0445413666666667e-05	0.9999802166666667
0bec42f0eae349ab9255a56c02cfcc4e	0.00036270111166666663	0.9995865466666666	5.079599533333333e-05
0bee8cff183c4b00b6563936c5007e5b	1.0736139866666668e-05	9.820950333333334e-06	0.99997942
0bf96653b16d4c0ea1504c5f3d9e30ee	0.331314525697	0.6686720410000001	1.3429108333333335e-05
0bfd34016503420f80bd700f918e3a94	1.9351411666666665e-05	0.9999626866666667	1.7975428e-05
0c096db0ab9f4a26b79eb975c1284467	1.8799723333333335e-05	0.9999468766666665	3.430171e-05
0c140680c2a0496da0ee385e1a09255b	0.9999588866666667	2.905671266666667e-05	1.2112062166666666e-05
0c1873a848514b45b8f50459bc72b8ed	7.928603099999999e-06	1.29155565e-05	0.9999791366666666
0c22b89a2d534a2781dd9896455b36e1	3.214534533333333e-05	1.2192855e-05	0.9999557
0c2dfa4221744234984e55bdabf94906	0.659392404817	0.340596952522	1.0627705933333333e-05
0c34ac9250e641b9baa56321362b530b	7.781210666666666e-06	5.524858799999999e-05	0.9999369666666666
0c4140cf322847bc99fbf1b76551faef	0.9997003800000002	0.00028711456333333337	1.2486197333333332e-05
0c50b4cf57174b65b42532d1fa9411ab	9.305689333333333e-06	1.0573632133333336e-05	0.9999801333333335
0c522a5d8fae49e38da5302a882bd319	7.0646431e-06	1.4811542666666667e-05	0.9999781
0c56f617b9334db48e3b2ff04554e4f6	1.7579074333333338e-05	0.9999267966666666	5.566408e-05
0c59d99e00e5437cb2cdf59b3d0a5946	1.1326809899999999e-05	1.01621035e-05	0.9999785
0c6c5657cd834d54a4936087a3760df9	0.0017249792346666667	0.9975451666666667	0.0007299038963333332
0c70ac6a57ca487fa1f2181d69143f74	0.333331517465	0.6666310721333334	3.7417346000000004e-05
0c729d6d84194ebc924c9e61b40a4c56	7.719542999999999e-06	0.00011307605699999999	0.9998792000000001
0c72d0d63b22492d8efdf983adddad84	0.6757552843333333	0.32421824644633335	2.6436524666666665e-05
0c73877c0a3142fb9d55b498a1401b24	3.0788059e-05	0.9999544999999999	1.4725932e-05
0c7a42cff2bd48d6814035178367617f	2.421103033333333e-05	0.9999602633333332	1.5533976666666668e-05
0c8661bcd35a42129c4e1301849d6567	0.6417568316183334	0.35816209390000003	8.1068785e-05
0c8ad544a9114152ac39ec86b359d263	0.0012128404666666666	0.9987118433333334	7.5334608e-05
0cac681bb55f4026a2da77a7e542a906	6.9218332e-06	1.4093066333333332e-05	0.9999789666666666
0cb1947c7b1a4932a3f0947365647271	0.9999374566666667	2.987583533333333e-05	3.2643697833333333e-05
0cb977d6625d499b94465cc4d16ea681	0.9999039766666667	7.922028866666668e-05	1.6823912e-05
0cbc6b2bcd0a416b8c0cfbd5040ac3c0	8.8332473e-06	1.2225198e-05	0.99997894
0ccc0e928b134ec2b723abb81f4a3f46	0.99996302	2.1148161999999998e-05	1.581519146666667e-05
0cdf2313808048e491b8bc5c6564d557	6.226740133333334e-06	1.5799034333333335e-05	0.9999779466666667
0ce05e31230e44bd847ee376de8a91ce	7.608401199999999e-06	1.8883905333333334e-05	0.99997349
0ce752cee7d842539dccbce500706f6f	6.8877012e-06	9.5994551e-05	0.9998971200000001
0ce886cf491348fba669a928c84ec8f2	2.0990615333333333e-05	0.99996288	1.6122669833333334e-05
0cf956e890964e2fa0000218a9add923	0.9999628933333334	1.7690224333333334e-05	1.9364699666666668e-05
0d0084aaf1e8494c9d89fff4350c44bc	2.9935918e-05	0.9999472733333334	2.2782077666666667e-05
0d02dadf26c541a79b255d90f876de99	2.0185556999999998e-05	0.99996157	1.8228539333333333e-05
0d06cd2259e547c39b1b1d1f71543e78	1.7220720666666667e-05	0.9999621666666666	2.0555106333333332e-05
0d07881cde834a788d650ed6b2355a01	1.2373190833333333e-05	1.5714597000000002e-05	0.9999719433333333
0d0a635f7fd6479797930a66e3288b72	2.3271068666666664e-05	0.9999597133333333	1.7015404666666667e-05
0d209f59bd654150b0a4b54ec96049ad	3.784111533333334e-05	0.9999474999999999	1.4646438000000002e-05
0d225e171c8f4c88abd37e7377b239c8	0.9999524866666666	2.6710637333333332e-05	2.0784673133333334e-05
0d23a2dc83b64ee280810d4120a8a6a6	1.0364506166666665e-05	1.0493365000000001e-05	0.9999791366666666
0d2a63c8a2174c6284b17f786f9bf849	2.0119193833333334e-05	0.9999618899999999	1.7978684666666664e-05
0d2d9876addc4d8d991faccf1c749b80	0.3329844003656667	0.6670068222	8.7764015e-06
0d2f9a0d5c3942fe8d2e69c6ce6d3e0a	1.8826203666666664e-05	0.9999632933333333	1.7851018666666668e-05
0d3df8b3bbff4119a7bd937e63ec7c35	6.160278333333333e-06	1.9030255e-05	0.9999748133333334
0d430ec704554b91affb347c17023704	1.2134256000000001e-05	0.9988343466666668	0.00115352281
0d4bf81aab0c43dead9e5745fc101982	0.9999531666666668	2.7835195333333337e-05	1.8978374499999998e-05
0d4c42135a90411b948b6b0eb2bf9838	2.5826415e-05	0.6582721386666667	0.34170203606
0d58eae143ec4e229696ccf99c7788be	8.6801239e-06	2.750236666666667e-05	0.9999638000000001
0d5e10ddca144d01bb1f86cbdb77b066	3.2036379333333336e-05	0.5452968236833333	0.4546711305166667
0d6b9b48b3a84293b66667e046779c3e	1.1016959333333336e-05	9.833071333333335e-06	0.9999791333333333
0d7c475d25f64d039449dbac564c961d	1.9046145999999996e-05	1.3439949333333335e-05	0.9999674900000001
0d8c00a9081f4051a8ce7ab7cf2ff90f	1.7416550666666668e-05	0.9999569666666668	2.5598482000000003e-05
0d8ed2417c974b5d8db365d51ef43df8	0.99904732	0.0008943058919999998	5.834390566666667e-05
0d9b20fbb15a4d61bfb081962458179a	2.018584116666667e-05	0.682378929	0.31760087197299997
0d9bb6b25c55493685278e5b435bba2b	1.4740362333333333e-05	0.9999607333333334	2.4507345333333338e-05
0d9ee575da384d69aae792bd07227166	1.8382129e-05	0.9999610133333334	2.0624837333333334e-05
0da7d683b4b04ba9a9c8e54badc16ded	3.4072109333333336e-05	0.9999446466666666	2.1320826666666672e-05
0dad854c98824b18a08e58f2babe9101	6.369512633333333e-05	0.9999035	3.2787017e-05
0db667a7e1314a93b1f74f2b48da690c	1.1177671666666667e-05	9.445774333333334e-06	0.9999793366666667
0db8a364eb2044e59ad081609521e417	1.0552604e-05	1.0690193666666667e-05	0.9999787466666666
0de0e9f7632647c4a267e5d667efb4a4	1.6520737666666667e-05	0.9999628133333335	2.0711786e-05
0df1b6542aee4689ac3a7472390ef594	5.607505e-06	8.923841966666667e-05	0.9999051666666666
0e0ec6f5e83f475e8aee4e60f328c6ca	1.3148246233333333e-05	0.3379323024866667	0.6620545745033334
0e0f87d6f1704a6186b5b491e653872b	7.756868566666669e-06	1.5875727666666665e-05	0.9999763533333333
0e124f7d2e6c4dd38c5d6675a181ba13	2.3885709000000002e-05	0.9999555899999999	2.0497825e-05
0e1a88eb46514bd48c1245efd39e9759	2.0716997333333333e-05	0.9999557333333334	2.3531672333333334e-05
0e2263b1dcef493bb15ddf6da3f601c3	0.9999542133333333	3.6244859333333334e-05	9.528504400000001e-06
0e244910c17f4bddb41c291a498988d6	3.674766283333333e-05	0.9999437200000001	1.9522405666666668e-05
0e2e802db06c4c2e8fca279f8c9a3a29	1.0995155333333333e-05	9.425149333333334e-06	0.9999795733333333
0e349ffbdb58413299c0594c90893761	1.6810234666666666e-05	0.9999445333333333	3.867701766666666e-05
0e4647a183014408822462e8016910af	0.33757235085	0.34390955084	0.31851807109100005
0e570faf3f44443f90d23f5b4d743e35	3.236617333333334e-05	0.99994798	1.9647377666666668e-05
0e5eae9a8c944c7cba110e73d639c544	3.4263129999999996e-05	0.6555667865333333	0.34439896780999996
0e6b476025db409f90ccabca85b57bb7	0.00010624327093333334	0.018454177999999998	0.9814395766666667
0e7005a963e344da83e3866a04a6f275	1.0817220399999998e-05	9.922064333333334e-06	0.9999792666666667
0e70e827180746a3b7f63fc1c2986468	1.9175460333333333e-05	0.9999630499999999	1.7793612e-05
0e721050109e493094358e6833a6c71e	2.6163719e-05	0.9999580833333334	1.5799726666666665e-05
0e86759e6899437fa6bf4597340e43b0	0.027889218418	0.9720516033333334	5.9142364999999996e-05
0e9702eb9d2a4aa1a825567299a64191	2.2033990333333332e-05	0.9999619666666667	1.6029716666666667e-05
0ea257e98f724c6488c1015c5dfd1f31	9.247070000000001e-06	1.1349008333333334e-05	0.9999793733333333
0eb30b6f08364fcfa72d373caa2d522a	1.5988458499999998e-05	0.9999613333333334	2.2702571666666665e-05
0ec5efe6b0b04984bd442791ee118cbd	8.4000289e-06	1.3115781e-05	0.9999785000000001
0ed66fb60ddd44268798e65876fc7692	9.999574933333335e-06	1.0973886e-05	0.9999790166666666
0eda0549306a4260beb1aad1a3a6cca0	1.5063486666666665e-05	0.10637483266299998	0.8936100866666666
0edead157ffb4d6b82b23730e4488656	7.682499e-06	1.2660521666666667e-05	0.9999796999999999
0edebcb85acd46309092ce6a1fe19acf	6.8685486666666654e-06	1.5137489666666665e-05	0.999978
0eebe35ce1594a74b42c403f41a24302	4.613356433333333e-06	8.0894728e-05	0.9999145133333333
0ef9a69384ab4b21a1bdfde8ab90386d	2.1204667666666663e-05	0.9999588999999999	1.9902198333333335e-05
0f0a5f9ac20c40e9b42fddff76c0c680	0.29406521297999993	0.7059034799999999	3.1295084e-05
0f1a933c15394d7e8e70f921929e8991	0.9999619766666666	2.3346181e-05	1.4668885500000001e-05
0f1e8be765f04058bb0474a557c45a6f	1.9724025666666668e-05	0.9999602633333334	1.9958385333333334e-05
0f3a539e2e614d69866a19f03f2058a0	8.785287966666667e-05	0.99989516	1.69737455e-05
0f3f55d798b040738968df9f0be7161c	1.0259526466666666e-05	1.00144376e-05	0.9999797333333333
0f4fddeb15f14cfd96dabd5e661114fa	1.1989764566666666e-05	9.137357333333332e-06	0.9999789033333334
0f5f83d724084f7d875fde094839f714	0.3309113997713333	0.6690764713333333	1.2154278e-05
0f6126a7d73c4272b3322c69091d4644	0.000225238112	0.9991871033333334	0.0005876339136666667
0f8407e6486240aeb67289dfeacfb92d	1.4902346e-05	0.9999599533333333	2.517261366666667e-05
0f8ef4b4858d495f9ac6b8ed80758fff	6.426559466666667e-06	1.8081999666666668e-05	0.9999754333333333
0f946a76adb347b49a3d5d3e7c11dd52	9.424622333333333e-06	1.0957227e-05	0.9999796133333333
